0.985064
0.247084
0.0478648
0.00737328
0.000930034
9.84349e-05
8.9152e-06
7.01884e-07
4.86479e-08
2.99943e-09
1.6593e-10
8.29569e-12
3.77118e-13
1.56698e-14
5.97815e-16
2.10222e-17
6.83714e-19
2.06277e-20
5.78822e-22
1.51413e-23
3.69989e-25
8.4608e-27
1.81353e-28
3.64874e-30
6.89935e-32
1.22744e-33
2.05651e-35
3.24763e-37
4.83746e-39
6.80058e-41
9.02756e-43
1.13205e-44
1.34142e-46
1.50233e-48
1.59043e-50
1.59161e-52
1.50558e-54
1.34604e-56
1.13709e-58
9.07352e-61
6.83626e-63
4.86068e-65
3.2594e-67
2.05978e-69
1.22567e-71
6.86063e-74
3.60831e-76
1.78087e-78
8.23598e-81
3.56316e-83
1.43939e-85
5.41783e-88
1.89553e-90
6.14758e-93
1.84243e-95
5.08433e-98
1.28658e-100
2.97104e-103
6.22592e-106
1.17603e-108
1.98642e-111
2.97106e-114
3.88738e-117
4.38104e-120
4.16701e-123
3.25286e-126
2.00111e-129
9.09723e-133
2.7172e-136
4e-140
0
0
0
0
0
0
0
0
0
0
0
0
0
0
0
0
0
0
0
0
0
0
0
0
0
0
0
0
0
1.20334
0.34134
0.0703184
0.0111998
0.00143973
0.000154037
1.40328e-05
1.10768e-06
7.68063e-08
4.73018e-09
2.6108e-10
1.30118e-11
5.89257e-13
2.43784e-14
9.25626e-16
3.23833e-17
1.04753e-18
3.14254e-20
8.76643e-22
2.27932e-23
5.53515e-25
1.25772e-26
2.6784e-28
5.35329e-30
1.00547e-31
1.77663e-33
2.95615e-35
4.63578e-37
6.85645e-39
9.57019e-41
1.26126e-42
1.57011e-44
1.84685e-46
2.05306e-48
2.15723e-50
2.14256e-52
2.01136e-54
1.78445e-56
1.49582e-58
1.18432e-60
8.85308e-63
6.24494e-65
4.15431e-67
2.60426e-69
1.53714e-71
8.534e-74
4.45157e-76
2.17889e-78
9.99273e-81
4.28687e-83
1.71709e-85
6.40791e-88
2.22264e-90
7.14594e-93
2.12291e-95
5.80668e-98
1.4563e-100
3.33281e-103
6.92083e-106
1.29536e-108
2.16783e-111
3.21225e-114
4.16352e-117
4.64782e-120
4.37848e-123
3.38494e-126
2.06206e-129
9.282e-133
2.7448e-136
4e-140
0
0
0
0
0
0
0
0
0
0
0
0
0
0
0
0
0
0
0
0
0
0
0
0
0
0
0
0
0
1.23771
0.359567
0.0750675
0.012048
0.00155566
0.00016686
1.52206e-05
1.20202e-06
8.334e-08
5.12999e-09
2.82919e-10
1.40856e-11
6.37117e-13
2.63229e-14
9.98001e-16
3.48614e-17
1.12587e-18
3.37192e-20
9.39012e-22
2.4372e-23
5.90798e-25
1.34001e-26
2.84842e-28
5.68262e-30
1.06534e-31
1.87893e-33
3.12055e-35
4.88447e-37
7.21083e-39
1.00461e-40
1.32154e-42
1.64211e-44
1.928e-46
2.13937e-48
2.24386e-50
2.22461e-52
2.08468e-54
1.84626e-56
1.54494e-58
1.22112e-60
9.11282e-63
6.4175e-65
4.26214e-67
2.66758e-69
1.57204e-71
8.71436e-74
4.53883e-76
2.21835e-78
1.01592e-80
4.35227e-83
1.74094e-85
6.48854e-88
2.2478e-90
7.21822e-93
2.14193e-95
5.85233e-98
1.46624e-100
3.35229e-103
6.95498e-106
1.30066e-108
2.17501e-111
3.22064e-114
4.17179e-117
4.6545e-120
4.38273e-123
3.38694e-126
2.06268e-129
9.28294e-133
2.7448e-136
4e-140
0
0
0
0
0
0
0
0
0
0
0
0
0
0
0
0
0
0
0
0
0
0
0
0
0
0
0
0
0
1.24234
0.362311
0.0758217
0.0121867
0.00157491
0.000169006
1.54198e-05
1.21781e-06
8.44283e-08
5.19614e-09
2.86502e-10
1.42601e-11
6.44807e-13
2.66316e-14
1.00934e-15
3.52445e-17
1.1378e-18
3.40633e-20
9.48222e-22
2.46013e-23
5.96121e-25
1.35155e-26
2.87183e-28
5.72711e-30
1.07327e-31
1.8922e-33
3.14144e-35
4.9154e-37
7.25391e-39
1.01027e-40
1.32853e-42
1.65026e-44
1.93695e-46
2.14864e-48
2.25292e-50
2.23295e-52
2.09192e-54
1.85218e-56
1.5495e-58
1.22443e-60
9.13537e-63
6.43196e-65
4.27084e-67
2.6725e-69
1.57464e-71
8.72727e-74
4.54481e-76
2.22093e-78
1.01696e-80
4.35613e-83
1.74228e-85
6.4928e-88
2.24905e-90
7.22156e-93
2.14275e-95
5.85415e-98
1.4666e-100
3.35295e-103
6.95601e-106
1.3008e-108
2.17518e-111
3.22081e-114
4.17192e-117
4.65459e-120
4.38278e-123
3.38696e-126
2.06268e-129
9.28294e-133
2.7448e-136
4e-140
0
0
0
0
0
0
0
0
0
0
0
0
0
0
0
0
0
0
0
0
0
0
0
0
0
0
0
0
0
1.24287
0.362649
0.0759173
0.0122046
0.00157742
0.000169285
1.54457e-05
1.21985e-06
8.45683e-08
5.20457e-09
2.86954e-10
1.42819e-11
6.45755e-13
2.66692e-14
1.0107e-15
3.52897e-17
1.13919e-18
3.41026e-20
9.49258e-22
2.46267e-23
5.96698e-25
1.35278e-26
2.87427e-28
5.73166e-30
1.07407e-31
1.89351e-33
3.14344e-35
4.91829e-37
7.25785e-39
1.01077e-40
1.32913e-42
1.65095e-44
1.93769e-46
2.14939e-48
2.25362e-50
2.23358e-52
2.09245e-54
1.8526e-56
1.54982e-58
1.22465e-60
9.13681e-63
6.43285e-65
4.27136e-67
2.67278e-69
1.57478e-71
8.72794e-74
4.5451e-76
2.22105e-78
1.017e-80
4.35629e-83
1.74233e-85
6.49295e-88
2.24909e-90
7.22167e-93
2.14278e-95
5.8542e-98
1.46661e-100
3.35296e-103
6.95603e-106
1.3008e-108
2.17518e-111
3.22081e-114
4.17193e-117
4.65459e-120
4.38278e-123
3.38696e-126
2.06268e-129
9.28294e-133
2.7448e-136
4e-140
0
0
0
0
0
0
0
0
0
0
0
0
0
0
0
0
0
0
0
0
0
0
0
0
0
0
0
0
0
1.24293
0.362684
0.0759273
0.0122064
0.00157768
0.000169315
1.54484e-05
1.22006e-06
8.45828e-08
5.20544e-09
2.87e-10
1.42841e-11
6.45849e-13
2.66728e-14
1.01083e-15
3.5294e-17
1.13932e-18
3.41062e-20
9.49351e-22
2.46289e-23
5.96748e-25
1.35288e-26
2.87448e-28
5.73202e-30
1.07413e-31
1.89361e-33
3.14359e-35
4.91851e-37
7.25814e-39
1.01081e-40
1.32918e-42
1.651e-44
1.93774e-46
2.14943e-48
2.25367e-50
2.23362e-52
2.09248e-54
1.85262e-56
1.54983e-58
1.22466e-60
9.13688e-63
6.43289e-65
4.27138e-67
2.67279e-69
1.57479e-71
8.72797e-74
4.54511e-76
2.22105e-78
1.017e-80
4.3563e-83
1.74233e-85
6.49296e-88
2.24909e-90
7.22168e-93
2.14278e-95
5.8542e-98
1.46661e-100
3.35296e-103
6.95603e-106
1.3008e-108
2.17518e-111
3.22081e-114
4.17193e-117
4.65459e-120
4.38278e-123
3.38696e-126
2.06268e-129
9.28294e-133
2.7448e-136
4e-140
0
0
0
0
0
0
0
0
0
0
0
0
0
0
0
0
0
0
0
0
0
0
0
0
0
0
0
0
0
1.24293
0.362687
0.0759282
0.0122066
0.00157771
0.000169318
1.54487e-05
1.22008e-06
8.45841e-08
5.20551e-09
2.87004e-10
1.42842e-11
6.45856e-13
2.66731e-14
1.01084e-15
3.52943e-17
1.13933e-18
3.41065e-20
9.49357e-22
2.46291e-23
5.96751e-25
1.35289e-26
2.87449e-28
5.73205e-30
1.07414e-31
1.89361e-33
3.1436e-35
4.91852e-37
7.25815e-39
1.01081e-40
1.32918e-42
1.651e-44
1.93774e-46
2.14944e-48
2.25367e-50
2.23362e-52
2.09248e-54
1.85262e-56
1.54983e-58
1.22466e-60
9.13689e-63
6.43289e-65
4.27138e-67
2.67279e-69
1.57479e-71
8.72797e-74
4.54511e-76
2.22106e-78
1.017e-80
4.3563e-83
1.74233e-85
6.49296e-88
2.24909e-90
7.22168e-93
2.14278e-95
5.8542e-98
1.46661e-100
3.35296e-103
6.95603e-106
1.3008e-108
2.17518e-111
3.22081e-114
4.17193e-117
4.65459e-120
4.38278e-123
3.38696e-126
2.06268e-129
9.28294e-133
2.7448e-136
4e-140
0
0
0
0
0
0
0
0
0
0
0
0
0
0
0
0
0
0
0
0
0
0
0
0
0
0
0
0
0
1.24293
0.362687
0.0759283
0.0122066
0.00157771
0.000169318
1.54487e-05
1.22008e-06
8.45842e-08
5.20552e-09
2.87005e-10
1.42843e-11
6.45857e-13
2.66731e-14
1.01084e-15
3.52943e-17
1.13933e-18
3.41065e-20
9.49358e-22
2.46291e-23
5.96751e-25
1.35289e-26
2.87449e-28
5.73205e-30
1.07414e-31
1.89361e-33
3.1436e-35
4.91852e-37
7.25815e-39
1.01081e-40
1.32918e-42
1.651e-44
1.93774e-46
2.14944e-48
2.25367e-50
2.23362e-52
2.09248e-54
1.85262e-56
1.54983e-58
1.22466e-60
9.13689e-63
6.43289e-65
4.27138e-67
2.67279e-69
1.57479e-71
8.72797e-74
4.54511e-76
2.22106e-78
1.017e-80
4.3563e-83
1.74233e-85
6.49296e-88
2.24909e-90
7.22168e-93
2.14278e-95
5.8542e-98
1.46661e-100
3.35296e-103
6.95603e-106
1.3008e-108
2.17518e-111
3.22081e-114
4.17193e-117
4.65459e-120
4.38278e-123
3.38696e-126
2.06268e-129
9.28294e-133
2.7448e-136
4e-140
0
0
0
0
0
0
0
0
0
0
0
0
0
0
0
0
0
0
0
0
0
0
0
0
0
0
0
0
0
1.24293
0.362687
0.0759283
0.0122066
0.00157771
0.000169318
1.54487e-05
1.22008e-06
8.45842e-08
5.20552e-09
2.87005e-10
1.42843e-11
6.45857e-13
2.66731e-14
1.01084e-15
3.52943e-17
1.13933e-18
3.41065e-20
9.49358e-22
2.46291e-23
5.96751e-25
1.35289e-26
2.87449e-28
5.73205e-30
1.07414e-31
1.89361e-33
3.1436e-35
4.91852e-37
7.25815e-39
1.01081e-40
1.32918e-42
1.651e-44
1.93774e-46
2.14944e-48
2.25367e-50
2.23362e-52
2.09248e-54
1.85262e-56
1.54983e-58
1.22466e-60
9.13689e-63
6.43289e-65
4.27138e-67
2.67279e-69
1.57479e-71
8.72797e-74
4.54511e-76
2.22106e-78
1.017e-80
4.3563e-83
1.74233e-85
6.49296e-88
2.24909e-90
7.22168e-93
2.14278e-95
5.8542e-98
1.46661e-100
3.35296e-103
6.95603e-106
1.3008e-108
2.17518e-111
3.22081e-114
4.17193e-117
4.65459e-120
4.38278e-123
3.38696e-126
2.06268e-129
9.28294e-133
2.7448e-136
4e-140
0
0
0
0
0
0
0
0
0
0
0
0
0
0
0
0
0
0
0
0
0
0
0
0
0
0
0
0
0
1.24293
0.362687
0.0759283
0.0122066
0.00157771
0.000169318
1.54487e-05
1.22008e-06
8.45842e-08
5.20552e-09
2.87005e-10
1.42843e-11
6.45857e-13
2.66731e-14
1.01084e-15
3.52943e-17
1.13933e-18
3.41065e-20
9.49358e-22
2.46291e-23
5.96751e-25
1.35289e-26
2.87449e-28
5.73205e-30
1.07414e-31
1.89361e-33
3.1436e-35
4.91852e-37
7.25815e-39
1.01081e-40
1.32918e-42
1.651e-44
1.93774e-46
2.14944e-48
2.25367e-50
2.23362e-52
2.09248e-54
1.85262e-56
1.54983e-58
1.22466e-60
9.13689e-63
6.43289e-65
4.27138e-67
2.67279e-69
1.57479e-71
8.72797e-74
4.54511e-76
2.22106e-78
1.017e-80
4.3563e-83
1.74233e-85
6.49296e-88
2.24909e-90
7.22168e-93
2.14278e-95
5.8542e-98
1.46661e-100
3.35296e-103
6.95603e-106
1.3008e-108
2.17518e-111
3.22081e-114
4.17193e-117
4.65459e-120
4.38278e-123
3.38696e-126
2.06268e-129
9.28294e-133
2.7448e-136
4e-140
0
0
0
0
0
0
0
0
0
0
0
0
0
0
0
0
0
0
0
0
0
0
0
0
0
0
0
0
0
1.24293
0.362687
0.0759283
0.0122066
0.00157771
0.000169318
1.54487e-05
1.22008e-06
8.45842e-08
5.20552e-09
2.87005e-10
1.42843e-11
6.45857e-13
2.66731e-14
1.01084e-15
3.52943e-17
1.13933e-18
3.41065e-20
9.49358e-22
2.46291e-23
5.96751e-25
1.35289e-26
2.87449e-28
5.73205e-30
1.07414e-31
1.89361e-33
3.1436e-35
4.91852e-37
7.25815e-39
1.01081e-40
1.32918e-42
1.651e-44
1.93774e-46
2.14944e-48
2.25367e-50
2.23362e-52
2.09248e-54
1.85262e-56
1.54983e-58
1.22466e-60
9.13689e-63
6.43289e-65
4.27138e-67
2.67279e-69
1.57479e-71
8.72797e-74
4.54511e-76
2.22106e-78
1.017e-80
4.3563e-83
1.74233e-85
6.49296e-88
2.24909e-90
7.22168e-93
2.14278e-95
5.8542e-98
1.46661e-100
3.35296e-103
6.95603e-106
1.3008e-108
2.17518e-111
3.22081e-114
4.17193e-117
4.65459e-120
4.38278e-123
3.38696e-126
2.06268e-129
9.28294e-133
2.7448e-136
4e-140
0
0
0
0
0
0
0
0
0
0
0
0
0
0
0
0
0
0
0
0
0
0
0
0
0
0
0
0
0
1.24293
0.362687
0.0759283
0.0122066
0.00157771
0.000169318
1.54487e-05
1.22008e-06
8.45842e-08
5.20552e-09
2.87005e-10
1.42843e-11
6.45857e-13
2.66731e-14
1.01084e-15
3.52943e-17
1.13933e-18
3.41065e-20
9.49358e-22
2.46291e-23
5.96751e-25
1.35289e-26
2.87449e-28
5.73205e-30
1.07414e-31
1.89361e-33
3.1436e-35
4.91852e-37
7.25815e-39
1.01081e-40
1.32918e-42
1.651e-44
1.93774e-46
2.14944e-48
2.25367e-50
2.23362e-52
2.09248e-54
1.85262e-56
1.54983e-58
1.22466e-60
9.13689e-63
6.43289e-65
4.27138e-67
2.67279e-69
1.57479e-71
8.72797e-74
4.54511e-76
2.22106e-78
1.017e-80
4.3563e-83
1.74233e-85
6.49296e-88
2.24909e-90
7.22168e-93
2.14278e-95
5.8542e-98
1.46661e-100
3.35296e-103
6.95603e-106
1.3008e-108
2.17518e-111
3.22081e-114
4.17193e-117
4.65459e-120
4.38278e-123
3.38696e-126
2.06268e-129
9.28294e-133
2.7448e-136
4e-140
0
0
0
0
0
0
0
0
0
0
0
0
0
0
0
0
0
0
0
0
0
0
0
0
0
0
0
0
0
1.24293
0.362687
0.0759283
0.0122066
0.00157771
0.000169318
1.54487e-05
1.22008e-06
8.45842e-08
5.20552e-09
2.87005e-10
1.42843e-11
6.45857e-13
2.66731e-14
1.01084e-15
3.52943e-17
1.13933e-18
3.41065e-20
9.49358e-22
2.46291e-23
5.96751e-25
1.35289e-26
2.87449e-28
5.73205e-30
1.07414e-31
1.89361e-33
3.1436e-35
4.91852e-37
7.25815e-39
1.01081e-40
1.32918e-42
1.651e-44
1.93774e-46
2.14944e-48
2.25367e-50
2.23362e-52
2.09248e-54
1.85262e-56
1.54983e-58
1.22466e-60
9.13689e-63
6.43289e-65
4.27138e-67
2.67279e-69
1.57479e-71
8.72797e-74
4.54511e-76
2.22106e-78
1.017e-80
4.3563e-83
1.74233e-85
6.49296e-88
2.24909e-90
7.22168e-93
2.14278e-95
5.8542e-98
1.46661e-100
3.35296e-103
6.95603e-106
1.3008e-108
2.17518e-111
3.22081e-114
4.17193e-117
4.65459e-120
4.38278e-123
3.38696e-126
2.06268e-129
9.28294e-133
2.7448e-136
4e-140
0
0
0
0
0
0
0
0
0
0
0
0
0
0
0
0
0
0
0
0
0
0
0
0
0
0
0
0
0
1.24293
0.362687
0.0759283
0.0122066
0.00157771
0.000169318
1.54487e-05
1.22008e-06
8.45842e-08
5.20552e-09
2.87005e-10
1.42843e-11
6.45857e-13
2.66731e-14
1.01084e-15
3.52943e-17
1.13933e-18
3.41065e-20
9.49358e-22
2.46291e-23
5.96751e-25
1.35289e-26
2.87449e-28
5.73205e-30
1.07414e-31
1.89361e-33
3.1436e-35
4.91852e-37
7.25815e-39
1.01081e-40
1.32918e-42
1.651e-44
1.93774e-46
2.14944e-48
2.25367e-50
2.23362e-52
2.09248e-54
1.85262e-56
1.54983e-58
1.22466e-60
9.13689e-63
6.43289e-65
4.27138e-67
2.67279e-69
1.57479e-71
8.72797e-74
4.54511e-76
2.22106e-78
1.017e-80
4.3563e-83
1.74233e-85
6.49296e-88
2.24909e-90
7.22168e-93
2.14278e-95
5.8542e-98
1.46661e-100
3.35296e-103
6.95603e-106
1.3008e-108
2.17518e-111
3.22081e-114
4.17193e-117
4.65459e-120
4.38278e-123
3.38696e-126
2.06268e-129
9.28294e-133
2.7448e-136
4e-140
0
0
0
0
0
0
0
0
0
0
0
0
0
0
0
0
0
0
0
0
0
0
0
0
0
0
0
0
0
1.24293
0.362687
0.0759283
0.0122066
0.00157771
0.000169318
1.54487e-05
1.22008e-06
8.45842e-08
5.20552e-09
2.87005e-10
1.42843e-11
6.45857e-13
2.66731e-14
1.01084e-15
3.52943e-17
1.13933e-18
3.41065e-20
9.49358e-22
2.46291e-23
5.96751e-25
1.35289e-26
2.87449e-28
5.73205e-30
1.07414e-31
1.89361e-33
3.1436e-35
4.91852e-37
7.25815e-39
1.01081e-40
1.32918e-42
1.651e-44
1.93774e-46
2.14944e-48
2.25367e-50
2.23362e-52
2.09248e-54
1.85262e-56
1.54983e-58
1.22466e-60
9.13689e-63
6.43289e-65
4.27138e-67
2.67279e-69
1.57479e-71
8.72797e-74
4.54511e-76
2.22106e-78
1.017e-80
4.3563e-83
1.74233e-85
6.49296e-88
2.24909e-90
7.22168e-93
2.14278e-95
5.8542e-98
1.46661e-100
3.35296e-103
6.95603e-106
1.3008e-108
2.17518e-111
3.22081e-114
4.17193e-117
4.65459e-120
4.38278e-123
3.38696e-126
2.06268e-129
9.28294e-133
2.7448e-136
4e-140
0
0
0
0
0
0
0
0
0
0
0
0
0
0
0
0
0
0
0
0
0
0
0
0
0
0
0
0
0
1.24293
0.362687
0.0759283
0.0122066
0.00157771
0.000169318
1.54487e-05
1.22008e-06
8.45842e-08
5.20552e-09
2.87005e-10
1.42843e-11
6.45857e-13
2.66731e-14
1.01084e-15
3.52943e-17
1.13933e-18
3.41065e-20
9.49358e-22
2.46291e-23
5.96751e-25
1.35289e-26
2.87449e-28
5.73205e-30
1.07414e-31
1.89361e-33
3.1436e-35
4.91852e-37
7.25815e-39
1.01081e-40
1.32918e-42
1.651e-44
1.93774e-46
2.14944e-48
2.25367e-50
2.23362e-52
2.09248e-54
1.85262e-56
1.54983e-58
1.22466e-60
9.13689e-63
6.43289e-65
4.27138e-67
2.67279e-69
1.57479e-71
8.72797e-74
4.54511e-76
2.22106e-78
1.017e-80
4.3563e-83
1.74233e-85
6.49296e-88
2.24909e-90
7.22168e-93
2.14278e-95
5.8542e-98
1.46661e-100
3.35296e-103
6.95603e-106
1.3008e-108
2.17518e-111
3.22081e-114
4.17193e-117
4.65459e-120
4.38278e-123
3.38696e-126
2.06268e-129
9.28294e-133
2.7448e-136
4e-140
0
0
0
0
0
0
0
0
0
0
0
0
0
0
0
0
0
0
0
0
0
0
0
0
0
0
0
0
0
1.24293
0.362687
0.0759283
0.0122066
0.00157771
0.000169318
1.54487e-05
1.22008e-06
8.45842e-08
5.20552e-09
2.87005e-10
1.42843e-11
6.45857e-13
2.66731e-14
1.01084e-15
3.52943e-17
1.13933e-18
3.41065e-20
9.49358e-22
2.46291e-23
5.96751e-25
1.35289e-26
2.87449e-28
5.73205e-30
1.07414e-31
1.89361e-33
3.1436e-35
4.91852e-37
7.25815e-39
1.01081e-40
1.32918e-42
1.651e-44
1.93774e-46
2.14944e-48
2.25367e-50
2.23362e-52
2.09248e-54
1.85262e-56
1.54983e-58
1.22466e-60
9.13689e-63
6.43289e-65
4.27138e-67
2.67279e-69
1.57479e-71
8.72797e-74
4.54511e-76
2.22106e-78
1.017e-80
4.3563e-83
1.74233e-85
6.49296e-88
2.24909e-90
7.22168e-93
2.14278e-95
5.8542e-98
1.46661e-100
3.35296e-103
6.95603e-106
1.3008e-108
2.17518e-111
3.22081e-114
4.17193e-117
4.65459e-120
4.38278e-123
3.38696e-126
2.06268e-129
9.28294e-133
2.7448e-136
4e-140
0
0
0
0
0
0
0
0
0
0
0
0
0
0
0
0
0
0
0
0
0
0
0
0
0
0
0
0
0
1.24293
0.362687
0.0759283
0.0122066
0.00157771
0.000169318
1.54487e-05
1.22008e-06
8.45842e-08
5.20552e-09
2.87005e-10
1.42843e-11
6.45857e-13
2.66731e-14
1.01084e-15
3.52943e-17
1.13933e-18
3.41065e-20
9.49358e-22
2.46291e-23
5.96751e-25
1.35289e-26
2.87449e-28
5.73205e-30
1.07414e-31
1.89361e-33
3.1436e-35
4.91852e-37
7.25815e-39
1.01081e-40
1.32918e-42
1.651e-44
1.93774e-46
2.14944e-48
2.25367e-50
2.23362e-52
2.09248e-54
1.85262e-56
1.54983e-58
1.22466e-60
9.13689e-63
6.43289e-65
4.27138e-67
2.67279e-69
1.57479e-71
8.72797e-74
4.54511e-76
2.22106e-78
1.017e-80
4.3563e-83
1.74233e-85
6.49296e-88
2.24909e-90
7.22168e-93
2.14278e-95
5.8542e-98
1.46661e-100
3.35296e-103
6.95603e-106
1.3008e-108
2.17518e-111
3.22081e-114
4.17193e-117
4.65459e-120
4.38278e-123
3.38696e-126
2.06268e-129
9.28294e-133
2.7448e-136
4e-140
0
0
0
0
0
0
0
0
0
0
0
0
0
0
0
0
0
0
0
0
0
0
0
0
0
0
0
0
0
1.24293
0.362687
0.0759283
0.0122066
0.00157771
0.000169318
1.54487e-05
1.22008e-06
8.45842e-08
5.20552e-09
2.87005e-10
1.42843e-11
6.45857e-13
2.66731e-14
1.01084e-15
3.52943e-17
1.13933e-18
3.41065e-20
9.49358e-22
2.46291e-23
5.96751e-25
1.35289e-26
2.87449e-28
5.73205e-30
1.07414e-31
1.89361e-33
3.1436e-35
4.91852e-37
7.25815e-39
1.01081e-40
1.32918e-42
1.651e-44
1.93774e-46
2.14944e-48
2.25367e-50
2.23362e-52
2.09248e-54
1.85262e-56
1.54983e-58
1.22466e-60
9.13689e-63
6.43289e-65
4.27138e-67
2.67279e-69
1.57479e-71
8.72797e-74
4.54511e-76
2.22106e-78
1.017e-80
4.3563e-83
1.74233e-85
6.49296e-88
2.24909e-90
7.22168e-93
2.14278e-95
5.8542e-98
1.46661e-100
3.35296e-103
6.95603e-106
1.3008e-108
2.17518e-111
3.22081e-114
4.17193e-117
4.65459e-120
4.38278e-123
3.38696e-126
2.06268e-129
9.28294e-133
2.7448e-136
4e-140
0
0
0
0
0
0
0
0
0
0
0
0
0
0
0
0
0
0
0
0
0
0
0
0
0
0
0
0
0
1.24293
0.362687
0.0759283
0.0122066
0.00157771
0.000169318
1.54487e-05
1.22008e-06
8.45842e-08
5.20552e-09
2.87005e-10
1.42843e-11
6.45857e-13
2.66731e-14
1.01084e-15
3.52943e-17
1.13933e-18
3.41065e-20
9.49358e-22
2.46291e-23
5.96751e-25
1.35289e-26
2.87449e-28
5.73205e-30
1.07414e-31
1.89361e-33
3.1436e-35
4.91852e-37
7.25815e-39
1.01081e-40
1.32918e-42
1.651e-44
1.93774e-46
2.14944e-48
2.25367e-50
2.23362e-52
2.09248e-54
1.85262e-56
1.54983e-58
1.22466e-60
9.13689e-63
6.43289e-65
4.27138e-67
2.67279e-69
1.57479e-71
8.72797e-74
4.54511e-76
2.22106e-78
1.017e-80
4.3563e-83
1.74233e-85
6.49296e-88
2.24909e-90
7.22168e-93
2.14278e-95
5.8542e-98
1.46661e-100
3.35296e-103
6.95603e-106
1.3008e-108
2.17518e-111
3.22081e-114
4.17193e-117
4.65459e-120
4.38278e-123
3.38696e-126
2.06268e-129
9.28294e-133
2.7448e-136
4e-140
0
0
0
0
0
0
0
0
0
0
0
0
0
0
0
0
0
0
0
0
0
0
0
0
0
0
0
0
0
1.24293
0.362687
0.0759283
0.0122066
0.00157771
0.000169318
1.54487e-05
1.22008e-06
8.45842e-08
5.20552e-09
2.87005e-10
1.42843e-11
6.45857e-13
2.66731e-14
1.01084e-15
3.52943e-17
1.13933e-18
3.41065e-20
9.49358e-22
2.46291e-23
5.96751e-25
1.35289e-26
2.87449e-28
5.73205e-30
1.07414e-31
1.89361e-33
3.1436e-35
4.91852e-37
7.25815e-39
1.01081e-40
1.32918e-42
1.651e-44
1.93774e-46
2.14944e-48
2.25367e-50
2.23362e-52
2.09248e-54
1.85262e-56
1.54983e-58
1.22466e-60
9.13689e-63
6.43289e-65
4.27138e-67
2.67279e-69
1.57479e-71
8.72797e-74
4.54511e-76
2.22106e-78
1.017e-80
4.3563e-83
1.74233e-85
6.49296e-88
2.24909e-90
7.22168e-93
2.14278e-95
5.8542e-98
1.46661e-100
3.35296e-103
6.95603e-106
1.3008e-108
2.17518e-111
3.22081e-114
4.17193e-117
4.65459e-120
4.38278e-123
3.38696e-126
2.06268e-129
9.28294e-133
2.7448e-136
4e-140
0
0
0
0
0
0
0
0
0
0
0
0
0
0
0
0
0
0
0
0
0
0
0
0
0
0
0
0
0
1.24293
0.362687
0.0759283
0.0122066
0.00157771
0.000169318
1.54487e-05
1.22008e-06
8.45842e-08
5.20552e-09
2.87005e-10
1.42843e-11
6.45857e-13
2.66731e-14
1.01084e-15
3.52943e-17
1.13933e-18
3.41065e-20
9.49358e-22
2.46291e-23
5.96751e-25
1.35289e-26
2.87449e-28
5.73205e-30
1.07414e-31
1.89361e-33
3.1436e-35
4.91852e-37
7.25815e-39
1.01081e-40
1.32918e-42
1.651e-44
1.93774e-46
2.14944e-48
2.25367e-50
2.23362e-52
2.09248e-54
1.85262e-56
1.54983e-58
1.22466e-60
9.13689e-63
6.43289e-65
4.27138e-67
2.67279e-69
1.57479e-71
8.72797e-74
4.54511e-76
2.22106e-78
1.017e-80
4.3563e-83
1.74233e-85
6.49296e-88
2.24909e-90
7.22168e-93
2.14278e-95
5.8542e-98
1.46661e-100
3.35296e-103
6.95603e-106
1.3008e-108
2.17518e-111
3.22081e-114
4.17193e-117
4.65459e-120
4.38278e-123
3.38696e-126
2.06268e-129
9.28294e-133
2.7448e-136
4e-140
0
0
0
0
0
0
0
0
0
0
0
0
0
0
0
0
0
0
0
0
0
0
0
0
0
0
0
0
0
1.24293
0.362687
0.0759283
0.0122066
0.00157771
0.000169318
1.54487e-05
1.22008e-06
8.45842e-08
5.20552e-09
2.87005e-10
1.42843e-11
6.45857e-13
2.66731e-14
1.01084e-15
3.52943e-17
1.13933e-18
3.41065e-20
9.49358e-22
2.46291e-23
5.96751e-25
1.35289e-26
2.87449e-28
5.73205e-30
1.07414e-31
1.89361e-33
3.1436e-35
4.91852e-37
7.25815e-39
1.01081e-40
1.32918e-42
1.651e-44
1.93774e-46
2.14944e-48
2.25367e-50
2.23362e-52
2.09248e-54
1.85262e-56
1.54983e-58
1.22466e-60
9.13689e-63
6.43289e-65
4.27138e-67
2.67279e-69
1.57479e-71
8.72797e-74
4.54511e-76
2.22106e-78
1.017e-80
4.3563e-83
1.74233e-85
6.49296e-88
2.24909e-90
7.22168e-93
2.14278e-95
5.8542e-98
1.46661e-100
3.35296e-103
6.95603e-106
1.3008e-108
2.17518e-111
3.22081e-114
4.17193e-117
4.65459e-120
4.38278e-123
3.38696e-126
2.06268e-129
9.28294e-133
2.7448e-136
4e-140
0
0
0
0
0
0
0
0
0
0
0
0
0
0
0
0
0
0
0
0
0
0
0
0
0
0
0
0
0
1.24293
0.362687
0.0759283
0.0122066
0.00157771
0.000169318
1.54487e-05
1.22008e-06
8.45842e-08
5.20552e-09
2.87005e-10
1.42843e-11
6.45857e-13
2.66731e-14
1.01084e-15
3.52943e-17
1.13933e-18
3.41065e-20
9.49358e-22
2.46291e-23
5.96751e-25
1.35289e-26
2.87449e-28
5.73205e-30
1.07414e-31
1.89361e-33
3.1436e-35
4.91852e-37
7.25815e-39
1.01081e-40
1.32918e-42
1.651e-44
1.93774e-46
2.14944e-48
2.25367e-50
2.23362e-52
2.09248e-54
1.85262e-56
1.54983e-58
1.22466e-60
9.13689e-63
6.43289e-65
4.27138e-67
2.67279e-69
1.57479e-71
8.72797e-74
4.54511e-76
2.22106e-78
1.017e-80
4.3563e-83
1.74233e-85
6.49296e-88
2.24909e-90
7.22168e-93
2.14278e-95
5.8542e-98
1.46661e-100
3.35296e-103
6.95603e-106
1.3008e-108
2.17518e-111
3.22081e-114
4.17193e-117
4.65459e-120
4.38278e-123
3.38696e-126
2.06268e-129
9.28294e-133
2.7448e-136
4e-140
0
0
0
0
0
0
0
0
0
0
0
0
0
0
0
0
0
0
0
0
0
0
0
0
0
0
0
0
0
1.24293
0.362687
0.0759283
0.0122066
0.00157771
0.000169318
1.54487e-05
1.22008e-06
8.45842e-08
5.20552e-09
2.87005e-10
1.42843e-11
6.45857e-13
2.66731e-14
1.01084e-15
3.52943e-17
1.13933e-18
3.41065e-20
9.49358e-22
2.46291e-23
5.96751e-25
1.35289e-26
2.87449e-28
5.73205e-30
1.07414e-31
1.89361e-33
3.1436e-35
4.91852e-37
7.25815e-39
1.01081e-40
1.32918e-42
1.651e-44
1.93774e-46
2.14944e-48
2.25367e-50
2.23362e-52
2.09248e-54
1.85262e-56
1.54983e-58
1.22466e-60
9.13689e-63
6.43289e-65
4.27138e-67
2.67279e-69
1.57479e-71
8.72797e-74
4.54511e-76
2.22106e-78
1.017e-80
4.3563e-83
1.74233e-85
6.49296e-88
2.24909e-90
7.22168e-93
2.14278e-95
5.8542e-98
1.46661e-100
3.35296e-103
6.95603e-106
1.3008e-108
2.17518e-111
3.22081e-114
4.17193e-117
4.65459e-120
4.38278e-123
3.38696e-126
2.06268e-129
9.28294e-133
2.7448e-136
4e-140
0
0
0
0
0
0
0
0
0
0
0
0
0
0
0
0
0
0
0
0
0
0
0
0
0
0
0
0
0
1.24293
0.362687
0.0759283
0.0122066
0.00157771
0.000169318
1.54487e-05
1.22008e-06
8.45842e-08
5.20552e-09
2.87005e-10
1.42843e-11
6.45857e-13
2.66731e-14
1.01084e-15
3.52943e-17
1.13933e-18
3.41065e-20
9.49358e-22
2.46291e-23
5.96751e-25
1.35289e-26
2.87449e-28
5.73205e-30
1.07414e-31
1.89361e-33
3.1436e-35
4.91852e-37
7.25815e-39
1.01081e-40
1.32918e-42
1.651e-44
1.93774e-46
2.14944e-48
2.25367e-50
2.23362e-52
2.09248e-54
1.85262e-56
1.54983e-58
1.22466e-60
9.13689e-63
6.43289e-65
4.27138e-67
2.67279e-69
1.57479e-71
8.72797e-74
4.54511e-76
2.22106e-78
1.017e-80
4.3563e-83
1.74233e-85
6.49296e-88
2.24909e-90
7.22168e-93
2.14278e-95
5.8542e-98
1.46661e-100
3.35296e-103
6.95603e-106
1.3008e-108
2.17518e-111
3.22081e-114
4.17193e-117
4.65459e-120
4.38278e-123
3.38696e-126
2.06268e-129
9.28294e-133
2.7448e-136
4e-140
0
0
0
0
0
0
0
0
0
0
0
0
0
0
0
0
0
0
0
0
0
0
0
0
0
0
0
0
0
1.24293
0.362687
0.0759283
0.0122066
0.00157771
0.000169318
1.54487e-05
1.22008e-06
8.45842e-08
5.20552e-09
2.87005e-10
1.42843e-11
6.45857e-13
2.66731e-14
1.01084e-15
3.52943e-17
1.13933e-18
3.41065e-20
9.49358e-22
2.46291e-23
5.96751e-25
1.35289e-26
2.87449e-28
5.73205e-30
1.07414e-31
1.89361e-33
3.1436e-35
4.91852e-37
7.25815e-39
1.01081e-40
1.32918e-42
1.651e-44
1.93774e-46
2.14944e-48
2.25367e-50
2.23362e-52
2.09248e-54
1.85262e-56
1.54983e-58
1.22466e-60
9.13689e-63
6.43289e-65
4.27138e-67
2.67279e-69
1.57479e-71
8.72797e-74
4.54511e-76
2.22106e-78
1.017e-80
4.3563e-83
1.74233e-85
6.49296e-88
2.24909e-90
7.22168e-93
2.14278e-95
5.8542e-98
1.46661e-100
3.35296e-103
6.95603e-106
1.3008e-108
2.17518e-111
3.22081e-114
4.17193e-117
4.65459e-120
4.38278e-123
3.38696e-126
2.06268e-129
9.28294e-133
2.7448e-136
4e-140
0
0
0
0
0
0
0
0
0
0
0
0
0
0
0
0
0
0
0
0
0
0
0
0
0
0
0
0
0
1.24293
0.362687
0.0759283
0.0122066
0.00157771
0.000169318
1.54487e-05
1.22008e-06
8.45842e-08
5.20552e-09
2.87005e-10
1.42843e-11
6.45857e-13
2.66731e-14
1.01084e-15
3.52943e-17
1.13933e-18
3.41065e-20
9.49358e-22
2.46291e-23
5.96751e-25
1.35289e-26
2.87449e-28
5.73205e-30
1.07414e-31
1.89361e-33
3.1436e-35
4.91852e-37
7.25815e-39
1.01081e-40
1.32918e-42
1.651e-44
1.93774e-46
2.14944e-48
2.25367e-50
2.23362e-52
2.09248e-54
1.85262e-56
1.54983e-58
1.22466e-60
9.13689e-63
6.43289e-65
4.27138e-67
2.67279e-69
1.57479e-71
8.72797e-74
4.54511e-76
2.22106e-78
1.017e-80
4.3563e-83
1.74233e-85
6.49296e-88
2.24909e-90
7.22168e-93
2.14278e-95
5.8542e-98
1.46661e-100
3.35296e-103
6.95603e-106
1.3008e-108
2.17518e-111
3.22081e-114
4.17193e-117
4.65459e-120
4.38278e-123
3.38696e-126
2.06268e-129
9.28294e-133
2.7448e-136
4e-140
0
0
0
0
0
0
0
0
0
0
0
0
0
0
0
0
0
0
0
0
0
0
0
0
0
0
0
0
0
1.24293
0.362687
0.0759283
0.0122066
0.00157771
0.000169318
1.54487e-05
1.22008e-06
8.45842e-08
5.20552e-09
2.87005e-10
1.42843e-11
6.45857e-13
2.66731e-14
1.01084e-15
3.52943e-17
1.13933e-18
3.41065e-20
9.49358e-22
2.46291e-23
5.96751e-25
1.35289e-26
2.87449e-28
5.73205e-30
1.07414e-31
1.89361e-33
3.1436e-35
4.91852e-37
7.25815e-39
1.01081e-40
1.32918e-42
1.651e-44
1.93774e-46
2.14944e-48
2.25367e-50
2.23362e-52
2.09248e-54
1.85262e-56
1.54983e-58
1.22466e-60
9.13689e-63
6.43289e-65
4.27138e-67
2.67279e-69
1.57479e-71
8.72797e-74
4.54511e-76
2.22106e-78
1.017e-80
4.3563e-83
1.74233e-85
6.49296e-88
2.24909e-90
7.22168e-93
2.14278e-95
5.8542e-98
1.46661e-100
3.35296e-103
6.95603e-106
1.3008e-108
2.17518e-111
3.22081e-114
4.17193e-117
4.65459e-120
4.38278e-123
3.38696e-126
2.06268e-129
9.28294e-133
2.7448e-136
4e-140
0
0
0
0
0
0
0
0
0
0
0
0
0
0
0
0
0
0
0
0
0
0
0
0
0
0
0
0
0
1.24293
0.362687
0.0759283
0.0122066
0.00157771
0.000169318
1.54487e-05
1.22008e-06
8.45842e-08
5.20552e-09
2.87005e-10
1.42843e-11
6.45857e-13
2.66731e-14
1.01084e-15
3.52943e-17
1.13933e-18
3.41065e-20
9.49358e-22
2.46291e-23
5.96751e-25
1.35289e-26
2.87449e-28
5.73205e-30
1.07414e-31
1.89361e-33
3.1436e-35
4.91852e-37
7.25815e-39
1.01081e-40
1.32918e-42
1.651e-44
1.93774e-46
2.14944e-48
2.25367e-50
2.23362e-52
2.09248e-54
1.85262e-56
1.54983e-58
1.22466e-60
9.13689e-63
6.43289e-65
4.27138e-67
2.67279e-69
1.57479e-71
8.72797e-74
4.54511e-76
2.22106e-78
1.017e-80
4.3563e-83
1.74233e-85
6.49296e-88
2.24909e-90
7.22168e-93
2.14278e-95
5.8542e-98
1.46661e-100
3.35296e-103
6.95603e-106
1.3008e-108
2.17518e-111
3.22081e-114
4.17193e-117
4.65459e-120
4.38278e-123
3.38696e-126
2.06268e-129
9.28294e-133
2.7448e-136
4e-140
0
0
0
0
0
0
0
0
0
0
0
0
0
0
0
0
0
0
0
0
0
0
0
0
0
0
0
0
0
1.24293
0.362687
0.0759283
0.0122066
0.00157771
0.000169318
1.54487e-05
1.22008e-06
8.45842e-08
5.20552e-09
2.87005e-10
1.42843e-11
6.45857e-13
2.66731e-14
1.01084e-15
3.52943e-17
1.13933e-18
3.41065e-20
9.49358e-22
2.46291e-23
5.96751e-25
1.35289e-26
2.87449e-28
5.73205e-30
1.07414e-31
1.89361e-33
3.1436e-35
4.91852e-37
7.25815e-39
1.01081e-40
1.32918e-42
1.651e-44
1.93774e-46
2.14944e-48
2.25367e-50
2.23362e-52
2.09248e-54
1.85262e-56
1.54983e-58
1.22466e-60
9.13689e-63
6.43289e-65
4.27138e-67
2.67279e-69
1.57479e-71
8.72797e-74
4.54511e-76
2.22106e-78
1.017e-80
4.3563e-83
1.74233e-85
6.49296e-88
2.24909e-90
7.22168e-93
2.14278e-95
5.8542e-98
1.46661e-100
3.35296e-103
6.95603e-106
1.3008e-108
2.17518e-111
3.22081e-114
4.17193e-117
4.65459e-120
4.38278e-123
3.38696e-126
2.06268e-129
9.28294e-133
2.7448e-136
4e-140
0
0
0
0
0
0
0
0
0
0
0
0
0
0
0
0
0
0
0
0
0
0
0
0
0
0
0
0
0
1.24293
0.362687
0.0759283
0.0122066
0.00157771
0.000169318
1.54487e-05
1.22008e-06
8.45842e-08
5.20552e-09
2.87005e-10
1.42843e-11
6.45857e-13
2.66731e-14
1.01084e-15
3.52943e-17
1.13933e-18
3.41065e-20
9.49358e-22
2.46291e-23
5.96751e-25
1.35289e-26
2.87449e-28
5.73205e-30
1.07414e-31
1.89361e-33
3.1436e-35
4.91852e-37
7.25815e-39
1.01081e-40
1.32918e-42
1.651e-44
1.93774e-46
2.14944e-48
2.25367e-50
2.23362e-52
2.09248e-54
1.85262e-56
1.54983e-58
1.22466e-60
9.13689e-63
6.43289e-65
4.27138e-67
2.67279e-69
1.57479e-71
8.72797e-74
4.54511e-76
2.22106e-78
1.017e-80
4.3563e-83
1.74233e-85
6.49296e-88
2.24909e-90
7.22168e-93
2.14278e-95
5.8542e-98
1.46661e-100
3.35296e-103
6.95603e-106
1.3008e-108
2.17518e-111
3.22081e-114
4.17193e-117
4.65459e-120
4.38278e-123
3.38696e-126
2.06268e-129
9.28294e-133
2.7448e-136
4e-140
0
0
0
0
0
0
0
0
0
0
0
0
0
0
0
0
0
0
0
0
0
0
0
0
0
0
0
0
0
1.24293
0.362687
0.0759283
0.0122066
0.00157771
0.000169318
1.54487e-05
1.22008e-06
8.45842e-08
5.20552e-09
2.87005e-10
1.42843e-11
6.45857e-13
2.66731e-14
1.01084e-15
3.52943e-17
1.13933e-18
3.41065e-20
9.49358e-22
2.46291e-23
5.96751e-25
1.35289e-26
2.87449e-28
5.73205e-30
1.07414e-31
1.89361e-33
3.1436e-35
4.91852e-37
7.25815e-39
1.01081e-40
1.32918e-42
1.651e-44
1.93774e-46
2.14944e-48
2.25367e-50
2.23362e-52
2.09248e-54
1.85262e-56
1.54983e-58
1.22466e-60
9.13689e-63
6.43289e-65
4.27138e-67
2.67279e-69
1.57479e-71
8.72797e-74
4.54511e-76
2.22106e-78
1.017e-80
4.3563e-83
1.74233e-85
6.49296e-88
2.24909e-90
7.22168e-93
2.14278e-95
5.8542e-98
1.46661e-100
3.35296e-103
6.95603e-106
1.3008e-108
2.17518e-111
3.22081e-114
4.17193e-117
4.65459e-120
4.38278e-123
3.38696e-126
2.06268e-129
9.28294e-133
2.7448e-136
4e-140
0
0
0
0
0
0
0
0
0
0
0
0
0
0
0
0
0
0
0
0
0
0
0
0
0
0
0
0
0
1.24293
0.362687
0.0759283
0.0122066
0.00157771
0.000169318
1.54487e-05
1.22008e-06
8.45842e-08
5.20552e-09
2.87005e-10
1.42843e-11
6.45857e-13
2.66731e-14
1.01084e-15
3.52943e-17
1.13933e-18
3.41065e-20
9.49358e-22
2.46291e-23
5.96751e-25
1.35289e-26
2.87449e-28
5.73205e-30
1.07414e-31
1.89361e-33
3.1436e-35
4.91852e-37
7.25815e-39
1.01081e-40
1.32918e-42
1.651e-44
1.93774e-46
2.14944e-48
2.25367e-50
2.23362e-52
2.09248e-54
1.85262e-56
1.54983e-58
1.22466e-60
9.13689e-63
6.43289e-65
4.27138e-67
2.67279e-69
1.57479e-71
8.72797e-74
4.54511e-76
2.22106e-78
1.017e-80
4.3563e-83
1.74233e-85
6.49296e-88
2.24909e-90
7.22168e-93
2.14278e-95
5.8542e-98
1.46661e-100
3.35296e-103
6.95603e-106
1.3008e-108
2.17518e-111
3.22081e-114
4.17193e-117
4.65459e-120
4.38278e-123
3.38696e-126
2.06268e-129
9.28294e-133
2.7448e-136
4e-140
0
0
0
0
0
0
0
0
0
0
0
0
0
0
0
0
0
0
0
0
0
0
0
0
0
0
0
0
0
1.24293
0.362687
0.0759283
0.0122066
0.00157771
0.000169318
1.54487e-05
1.22008e-06
8.45842e-08
5.20552e-09
2.87005e-10
1.42843e-11
6.45857e-13
2.66731e-14
1.01084e-15
3.52943e-17
1.13933e-18
3.41065e-20
9.49358e-22
2.46291e-23
5.96751e-25
1.35289e-26
2.87449e-28
5.73205e-30
1.07414e-31
1.89361e-33
3.1436e-35
4.91852e-37
7.25815e-39
1.01081e-40
1.32918e-42
1.651e-44
1.93774e-46
2.14944e-48
2.25367e-50
2.23362e-52
2.09248e-54
1.85262e-56
1.54983e-58
1.22466e-60
9.13689e-63
6.43289e-65
4.27138e-67
2.67279e-69
1.57479e-71
8.72797e-74
4.54511e-76
2.22106e-78
1.017e-80
4.3563e-83
1.74233e-85
6.49296e-88
2.24909e-90
7.22168e-93
2.14278e-95
5.8542e-98
1.46661e-100
3.35296e-103
6.95603e-106
1.3008e-108
2.17518e-111
3.22081e-114
4.17193e-117
4.65459e-120
4.38278e-123
3.38696e-126
2.06268e-129
9.28294e-133
2.7448e-136
4e-140
0
0
0
0
0
0
0
0
0
0
0
0
0
0
0
0
0
0
0
0
0
0
0
0
0
0
0
0
0
1.24293
0.362687
0.0759283
0.0122066
0.00157771
0.000169318
1.54487e-05
1.22008e-06
8.45842e-08
5.20552e-09
2.87005e-10
1.42843e-11
6.45857e-13
2.66731e-14
1.01084e-15
3.52943e-17
1.13933e-18
3.41065e-20
9.49358e-22
2.46291e-23
5.96751e-25
1.35289e-26
2.87449e-28
5.73205e-30
1.07414e-31
1.89361e-33
3.1436e-35
4.91852e-37
7.25815e-39
1.01081e-40
1.32918e-42
1.651e-44
1.93774e-46
2.14944e-48
2.25367e-50
2.23362e-52
2.09248e-54
1.85262e-56
1.54983e-58
1.22466e-60
9.13689e-63
6.43289e-65
4.27138e-67
2.67279e-69
1.57479e-71
8.72797e-74
4.54511e-76
2.22106e-78
1.017e-80
4.3563e-83
1.74233e-85
6.49296e-88
2.24909e-90
7.22168e-93
2.14278e-95
5.8542e-98
1.46661e-100
3.35296e-103
6.95603e-106
1.3008e-108
2.17518e-111
3.22081e-114
4.17193e-117
4.65459e-120
4.38278e-123
3.38696e-126
2.06268e-129
9.28294e-133
2.7448e-136
4e-140
0
0
0
0
0
0
0
0
0
0
0
0
0
0
0
0
0
0
0
0
0
0
0
0
0
0
0
0
0
1.24293
0.362687
0.0759283
0.0122066
0.00157771
0.000169318
1.54487e-05
1.22008e-06
8.45842e-08
5.20552e-09
2.87005e-10
1.42843e-11
6.45857e-13
2.66731e-14
1.01084e-15
3.52943e-17
1.13933e-18
3.41065e-20
9.49358e-22
2.46291e-23
5.96751e-25
1.35289e-26
2.87449e-28
5.73205e-30
1.07414e-31
1.89361e-33
3.1436e-35
4.91852e-37
7.25815e-39
1.01081e-40
1.32918e-42
1.651e-44
1.93774e-46
2.14944e-48
2.25367e-50
2.23362e-52
2.09248e-54
1.85262e-56
1.54983e-58
1.22466e-60
9.13689e-63
6.43289e-65
4.27138e-67
2.67279e-69
1.57479e-71
8.72797e-74
4.54511e-76
2.22106e-78
1.017e-80
4.3563e-83
1.74233e-85
6.49296e-88
2.24909e-90
7.22168e-93
2.14278e-95
5.8542e-98
1.46661e-100
3.35296e-103
6.95603e-106
1.3008e-108
2.17518e-111
3.22081e-114
4.17193e-117
4.65459e-120
4.38278e-123
3.38696e-126
2.06268e-129
9.28294e-133
2.7448e-136
4e-140
0
0
0
0
0
0
0
0
0
0
0
0
0
0
0
0
0
0
0
0
0
0
0
0
0
0
0
0
0
1.24293
0.362687
0.0759283
0.0122066
0.00157771
0.000169318
1.54487e-05
1.22008e-06
8.45842e-08
5.20552e-09
2.87005e-10
1.42843e-11
6.45857e-13
2.66731e-14
1.01084e-15
3.52943e-17
1.13933e-18
3.41065e-20
9.49358e-22
2.46291e-23
5.96751e-25
1.35289e-26
2.87449e-28
5.73205e-30
1.07414e-31
1.89361e-33
3.1436e-35
4.91852e-37
7.25815e-39
1.01081e-40
1.32918e-42
1.651e-44
1.93774e-46
2.14944e-48
2.25367e-50
2.23362e-52
2.09248e-54
1.85262e-56
1.54983e-58
1.22466e-60
9.13689e-63
6.43289e-65
4.27138e-67
2.67279e-69
1.57479e-71
8.72797e-74
4.54511e-76
2.22106e-78
1.017e-80
4.3563e-83
1.74233e-85
6.49296e-88
2.24909e-90
7.22168e-93
2.14278e-95
5.8542e-98
1.46661e-100
3.35296e-103
6.95603e-106
1.3008e-108
2.17518e-111
3.22081e-114
4.17193e-117
4.65459e-120
4.38278e-123
3.38696e-126
2.06268e-129
9.28294e-133
2.7448e-136
4e-140
0
0
0
0
0
0
0
0
0
0
0
0
0
0
0
0
0
0
0
0
0
0
0
0
0
0
0
0
0
1.24293
0.362687
0.0759283
0.0122066
0.00157771
0.000169318
1.54487e-05
1.22008e-06
8.45842e-08
5.20552e-09
2.87005e-10
1.42843e-11
6.45857e-13
2.66731e-14
1.01084e-15
3.52943e-17
1.13933e-18
3.41065e-20
9.49358e-22
2.46291e-23
5.96751e-25
1.35289e-26
2.87449e-28
5.73205e-30
1.07414e-31
1.89361e-33
3.1436e-35
4.91852e-37
7.25815e-39
1.01081e-40
1.32918e-42
1.651e-44
1.93774e-46
2.14944e-48
2.25367e-50
2.23362e-52
2.09248e-54
1.85262e-56
1.54983e-58
1.22466e-60
9.13689e-63
6.43289e-65
4.27138e-67
2.67279e-69
1.57479e-71
8.72797e-74
4.54511e-76
2.22106e-78
1.017e-80
4.3563e-83
1.74233e-85
6.49296e-88
2.24909e-90
7.22168e-93
2.14278e-95
5.8542e-98
1.46661e-100
3.35296e-103
6.95603e-106
1.3008e-108
2.17518e-111
3.22081e-114
4.17193e-117
4.65459e-120
4.38278e-123
3.38696e-126
2.06268e-129
9.28294e-133
2.7448e-136
4e-140
0
0
0
0
0
0
0
0
0
0
0
0
0
0
0
0
0
0
0
0
0
0
0
0
0
0
0
0
0
1.24293
0.362687
0.0759283
0.0122066
0.00157771
0.000169318
1.54487e-05
1.22008e-06
8.45842e-08
5.20552e-09
2.87005e-10
1.42843e-11
6.45857e-13
2.66731e-14
1.01084e-15
3.52943e-17
1.13933e-18
3.41065e-20
9.49358e-22
2.46291e-23
5.96751e-25
1.35289e-26
2.87449e-28
5.73205e-30
1.07414e-31
1.89361e-33
3.1436e-35
4.91852e-37
7.25815e-39
1.01081e-40
1.32918e-42
1.651e-44
1.93774e-46
2.14944e-48
2.25367e-50
2.23362e-52
2.09248e-54
1.85262e-56
1.54983e-58
1.22466e-60
9.13689e-63
6.43289e-65
4.27138e-67
2.67279e-69
1.57479e-71
8.72797e-74
4.54511e-76
2.22106e-78
1.017e-80
4.3563e-83
1.74233e-85
6.49296e-88
2.24909e-90
7.22168e-93
2.14278e-95
5.8542e-98
1.46661e-100
3.35296e-103
6.95603e-106
1.3008e-108
2.17518e-111
3.22081e-114
4.17193e-117
4.65459e-120
4.38278e-123
3.38696e-126
2.06268e-129
9.28294e-133
2.7448e-136
4e-140
0
0
0
0
0
0
0
0
0
0
0
0
0
0
0
0
0
0
0
0
0
0
0
0
0
0
0
0
0
1.24293
0.362687
0.0759283
0.0122066
0.00157771
0.000169318
1.54487e-05
1.22008e-06
8.45842e-08
5.20552e-09
2.87005e-10
1.42843e-11
6.45857e-13
2.66731e-14
1.01084e-15
3.52943e-17
1.13933e-18
3.41065e-20
9.49358e-22
2.46291e-23
5.96751e-25
1.35289e-26
2.87449e-28
5.73205e-30
1.07414e-31
1.89361e-33
3.1436e-35
4.91852e-37
7.25815e-39
1.01081e-40
1.32918e-42
1.651e-44
1.93774e-46
2.14944e-48
2.25367e-50
2.23362e-52
2.09248e-54
1.85262e-56
1.54983e-58
1.22466e-60
9.13689e-63
6.43289e-65
4.27138e-67
2.67279e-69
1.57479e-71
8.72797e-74
4.54511e-76
2.22106e-78
1.017e-80
4.3563e-83
1.74233e-85
6.49296e-88
2.24909e-90
7.22168e-93
2.14278e-95
5.8542e-98
1.46661e-100
3.35296e-103
6.95603e-106
1.3008e-108
2.17518e-111
3.22081e-114
4.17193e-117
4.65459e-120
4.38278e-123
3.38696e-126
2.06268e-129
9.28294e-133
2.7448e-136
4e-140
0
0
0
0
0
0
0
0
0
0
0
0
0
0
0
0
0
0
0
0
0
0
0
0
0
0
0
0
0
1.24293
0.362687
0.0759283
0.0122066
0.00157771
0.000169318
1.54487e-05
1.22008e-06
8.45842e-08
5.20552e-09
2.87005e-10
1.42843e-11
6.45857e-13
2.66731e-14
1.01084e-15
3.52943e-17
1.13933e-18
3.41065e-20
9.49358e-22
2.46291e-23
5.96751e-25
1.35289e-26
2.87449e-28
5.73205e-30
1.07414e-31
1.89361e-33
3.1436e-35
4.91852e-37
7.25815e-39
1.01081e-40
1.32918e-42
1.651e-44
1.93774e-46
2.14944e-48
2.25367e-50
2.23362e-52
2.09248e-54
1.85262e-56
1.54983e-58
1.22466e-60
9.13689e-63
6.43289e-65
4.27138e-67
2.67279e-69
1.57479e-71
8.72797e-74
4.54511e-76
2.22106e-78
1.017e-80
4.3563e-83
1.74233e-85
6.49296e-88
2.24909e-90
7.22168e-93
2.14278e-95
5.8542e-98
1.46661e-100
3.35296e-103
6.95603e-106
1.3008e-108
2.17518e-111
3.22081e-114
4.17193e-117
4.65459e-120
4.38278e-123
3.38696e-126
2.06268e-129
9.28294e-133
2.7448e-136
4e-140
0
0
0
0
0
0
0
0
0
0
0
0
0
0
0
0
0
0
0
0
0
0
0
0
0
0
0
0
0
1.24293
0.362687
0.0759283
0.0122066
0.00157771
0.000169318
1.54487e-05
1.22008e-06
8.45842e-08
5.20552e-09
2.87005e-10
1.42843e-11
6.45857e-13
2.66731e-14
1.01084e-15
3.52943e-17
1.13933e-18
3.41065e-20
9.49358e-22
2.46291e-23
5.96751e-25
1.35289e-26
2.87449e-28
5.73205e-30
1.07414e-31
1.89361e-33
3.1436e-35
4.91852e-37
7.25815e-39
1.01081e-40
1.32918e-42
1.651e-44
1.93774e-46
2.14944e-48
2.25367e-50
2.23362e-52
2.09248e-54
1.85262e-56
1.54983e-58
1.22466e-60
9.13689e-63
6.43289e-65
4.27138e-67
2.67279e-69
1.57479e-71
8.72797e-74
4.54511e-76
2.22106e-78
1.017e-80
4.3563e-83
1.74233e-85
6.49296e-88
2.24909e-90
7.22168e-93
2.14278e-95
5.8542e-98
1.46661e-100
3.35296e-103
6.95603e-106
1.3008e-108
2.17518e-111
3.22081e-114
4.17193e-117
4.65459e-120
4.38278e-123
3.38696e-126
2.06268e-129
9.28294e-133
2.7448e-136
4e-140
0
0
0
0
0
0
0
0
0
0
0
0
0
0
0
0
0
0
0
0
0
0
0
0
0
0
0
0
0
1.24293
0.362687
0.0759283
0.0122066
0.00157771
0.000169318
1.54487e-05
1.22008e-06
8.45842e-08
5.20552e-09
2.87005e-10
1.42843e-11
6.45857e-13
2.66731e-14
1.01084e-15
3.52943e-17
1.13933e-18
3.41065e-20
9.49358e-22
2.46291e-23
5.96751e-25
1.35289e-26
2.87449e-28
5.73205e-30
1.07414e-31
1.89361e-33
3.1436e-35
4.91852e-37
7.25815e-39
1.01081e-40
1.32918e-42
1.651e-44
1.93774e-46
2.14944e-48
2.25367e-50
2.23362e-52
2.09248e-54
1.85262e-56
1.54983e-58
1.22466e-60
9.13689e-63
6.43289e-65
4.27138e-67
2.67279e-69
1.57479e-71
8.72797e-74
4.54511e-76
2.22106e-78
1.017e-80
4.3563e-83
1.74233e-85
6.49296e-88
2.24909e-90
7.22168e-93
2.14278e-95
5.8542e-98
1.46661e-100
3.35296e-103
6.95603e-106
1.3008e-108
2.17518e-111
3.22081e-114
4.17193e-117
4.65459e-120
4.38278e-123
3.38696e-126
2.06268e-129
9.28294e-133
2.7448e-136
4e-140
0
0
0
0
0
0
0
0
0
0
0
0
0
0
0
0
0
0
0
0
0
0
0
0
0
0
0
0
0
1.24293
0.362687
0.0759283
0.0122066
0.00157771
0.000169318
1.54487e-05
1.22008e-06
8.45842e-08
5.20552e-09
2.87005e-10
1.42843e-11
6.45857e-13
2.66731e-14
1.01084e-15
3.52943e-17
1.13933e-18
3.41065e-20
9.49358e-22
2.46291e-23
5.96751e-25
1.35289e-26
2.87449e-28
5.73205e-30
1.07414e-31
1.89361e-33
3.1436e-35
4.91852e-37
7.25815e-39
1.01081e-40
1.32918e-42
1.651e-44
1.93774e-46
2.14944e-48
2.25367e-50
2.23362e-52
2.09248e-54
1.85262e-56
1.54983e-58
1.22466e-60
9.13689e-63
6.43289e-65
4.27138e-67
2.67279e-69
1.57479e-71
8.72797e-74
4.54511e-76
2.22106e-78
1.017e-80
4.3563e-83
1.74233e-85
6.49296e-88
2.24909e-90
7.22168e-93
2.14278e-95
5.8542e-98
1.46661e-100
3.35296e-103
6.95603e-106
1.3008e-108
2.17518e-111
3.22081e-114
4.17193e-117
4.65459e-120
4.38278e-123
3.38696e-126
2.06268e-129
9.28294e-133
2.7448e-136
4e-140
0
0
0
0
0
0
0
0
0
0
0
0
0
0
0
0
0
0
0
0
0
0
0
0
0
0
0
0
0
1.24293
0.362687
0.0759283
0.0122066
0.00157771
0.000169318
1.54487e-05
1.22008e-06
8.45842e-08
5.20552e-09
2.87005e-10
1.42843e-11
6.45857e-13
2.66731e-14
1.01084e-15
3.52943e-17
1.13933e-18
3.41065e-20
9.49358e-22
2.46291e-23
5.96751e-25
1.35289e-26
2.87449e-28
5.73205e-30
1.07414e-31
1.89361e-33
3.1436e-35
4.91852e-37
7.25815e-39
1.01081e-40
1.32918e-42
1.651e-44
1.93774e-46
2.14944e-48
2.25367e-50
2.23362e-52
2.09248e-54
1.85262e-56
1.54983e-58
1.22466e-60
9.13689e-63
6.43289e-65
4.27138e-67
2.67279e-69
1.57479e-71
8.72797e-74
4.54511e-76
2.22106e-78
1.017e-80
4.3563e-83
1.74233e-85
6.49296e-88
2.24909e-90
7.22168e-93
2.14278e-95
5.8542e-98
1.46661e-100
3.35296e-103
6.95603e-106
1.3008e-108
2.17518e-111
3.22081e-114
4.17193e-117
4.65459e-120
4.38278e-123
3.38696e-126
2.06268e-129
9.28294e-133
2.7448e-136
4e-140
0
0
0
0
0
0
0
0
0
0
0
0
0
0
0
0
0
0
0
0
0
0
0
0
0
0
0
0
0
1.24293
0.362687
0.0759283
0.0122066
0.00157771
0.000169318
1.54487e-05
1.22008e-06
8.45842e-08
5.20552e-09
2.87005e-10
1.42843e-11
6.45857e-13
2.66731e-14
1.01084e-15
3.52943e-17
1.13933e-18
3.41065e-20
9.49358e-22
2.46291e-23
5.96751e-25
1.35289e-26
2.87449e-28
5.73205e-30
1.07414e-31
1.89361e-33
3.1436e-35
4.91852e-37
7.25815e-39
1.01081e-40
1.32918e-42
1.651e-44
1.93774e-46
2.14944e-48
2.25367e-50
2.23362e-52
2.09248e-54
1.85262e-56
1.54983e-58
1.22466e-60
9.13689e-63
6.43289e-65
4.27138e-67
2.67279e-69
1.57479e-71
8.72797e-74
4.54511e-76
2.22106e-78
1.017e-80
4.3563e-83
1.74233e-85
6.49296e-88
2.24909e-90
7.22168e-93
2.14278e-95
5.8542e-98
1.46661e-100
3.35296e-103
6.95603e-106
1.3008e-108
2.17518e-111
3.22081e-114
4.17193e-117
4.65459e-120
4.38278e-123
3.38696e-126
2.06268e-129
9.28294e-133
2.7448e-136
4e-140
0
0
0
0
0
0
0
0
0
0
0
0
0
0
0
0
0
0
0
0
0
0
0
0
0
0
0
0
0
1.24293
0.362687
0.0759283
0.0122066
0.00157771
0.000169318
1.54487e-05
1.22008e-06
8.45842e-08
5.20552e-09
2.87005e-10
1.42843e-11
6.45857e-13
2.66731e-14
1.01084e-15
3.52943e-17
1.13933e-18
3.41065e-20
9.49358e-22
2.46291e-23
5.96751e-25
1.35289e-26
2.87449e-28
5.73205e-30
1.07414e-31
1.89361e-33
3.1436e-35
4.91852e-37
7.25815e-39
1.01081e-40
1.32918e-42
1.651e-44
1.93774e-46
2.14944e-48
2.25367e-50
2.23362e-52
2.09248e-54
1.85262e-56
1.54983e-58
1.22466e-60
9.13689e-63
6.43289e-65
4.27138e-67
2.67279e-69
1.57479e-71
8.72797e-74
4.54511e-76
2.22106e-78
1.017e-80
4.3563e-83
1.74233e-85
6.49296e-88
2.24909e-90
7.22168e-93
2.14278e-95
5.8542e-98
1.46661e-100
3.35296e-103
6.95603e-106
1.3008e-108
2.17518e-111
3.22081e-114
4.17193e-117
4.65459e-120
4.38278e-123
3.38696e-126
2.06268e-129
9.28294e-133
2.7448e-136
4e-140
0
0
0
0
0
0
0
0
0
0
0
0
0
0
0
0
0
0
0
0
0
0
0
0
0
0
0
0
0
1.24293
0.362687
0.0759283
0.0122066
0.00157771
0.000169318
1.54487e-05
1.22008e-06
8.45842e-08
5.20552e-09
2.87005e-10
1.42843e-11
6.45857e-13
2.66731e-14
1.01084e-15
3.52943e-17
1.13933e-18
3.41065e-20
9.49358e-22
2.46291e-23
5.96751e-25
1.35289e-26
2.87449e-28
5.73205e-30
1.07414e-31
1.89361e-33
3.1436e-35
4.91852e-37
7.25815e-39
1.01081e-40
1.32918e-42
1.651e-44
1.93774e-46
2.14944e-48
2.25367e-50
2.23362e-52
2.09248e-54
1.85262e-56
1.54983e-58
1.22466e-60
9.13689e-63
6.43289e-65
4.27138e-67
2.67279e-69
1.57479e-71
8.72797e-74
4.54511e-76
2.22106e-78
1.017e-80
4.3563e-83
1.74233e-85
6.49296e-88
2.24909e-90
7.22168e-93
2.14278e-95
5.8542e-98
1.46661e-100
3.35296e-103
6.95603e-106
1.3008e-108
2.17518e-111
3.22081e-114
4.17193e-117
4.65459e-120
4.38278e-123
3.38696e-126
2.06268e-129
9.28294e-133
2.7448e-136
4e-140
0
0
0
0
0
0
0
0
0
0
0
0
0
0
0
0
0
0
0
0
0
0
0
0
0
0
0
0
0
1.24293
0.362687
0.0759283
0.0122066
0.00157771
0.000169318
1.54487e-05
1.22008e-06
8.45842e-08
5.20552e-09
2.87005e-10
1.42843e-11
6.45857e-13
2.66731e-14
1.01084e-15
3.52943e-17
1.13933e-18
3.41065e-20
9.49358e-22
2.46291e-23
5.96751e-25
1.35289e-26
2.87449e-28
5.73205e-30
1.07414e-31
1.89361e-33
3.1436e-35
4.91852e-37
7.25815e-39
1.01081e-40
1.32918e-42
1.651e-44
1.93774e-46
2.14944e-48
2.25367e-50
2.23362e-52
2.09248e-54
1.85262e-56
1.54983e-58
1.22466e-60
9.13689e-63
6.43289e-65
4.27138e-67
2.67279e-69
1.57479e-71
8.72797e-74
4.54511e-76
2.22106e-78
1.017e-80
4.3563e-83
1.74233e-85
6.49296e-88
2.24909e-90
7.22168e-93
2.14278e-95
5.8542e-98
1.46661e-100
3.35296e-103
6.95603e-106
1.3008e-108
2.17518e-111
3.22081e-114
4.17193e-117
4.65459e-120
4.38278e-123
3.38696e-126
2.06268e-129
9.28294e-133
2.7448e-136
4e-140
0
0
0
0
0
0
0
0
0
0
0
0
0
0
0
0
0
0
0
0
0
0
0
0
0
0
0
0
0
1.24293
0.362687
0.0759283
0.0122066
0.00157771
0.000169318
1.54487e-05
1.22008e-06
8.45842e-08
5.20552e-09
2.87005e-10
1.42843e-11
6.45857e-13
2.66731e-14
1.01084e-15
3.52943e-17
1.13933e-18
3.41065e-20
9.49358e-22
2.46291e-23
5.96751e-25
1.35289e-26
2.87449e-28
5.73205e-30
1.07414e-31
1.89361e-33
3.1436e-35
4.91852e-37
7.25815e-39
1.01081e-40
1.32918e-42
1.651e-44
1.93774e-46
2.14944e-48
2.25367e-50
2.23362e-52
2.09248e-54
1.85262e-56
1.54983e-58
1.22466e-60
9.13689e-63
6.43289e-65
4.27138e-67
2.67279e-69
1.57479e-71
8.72797e-74
4.54511e-76
2.22106e-78
1.017e-80
4.3563e-83
1.74233e-85
6.49296e-88
2.24909e-90
7.22168e-93
2.14278e-95
5.8542e-98
1.46661e-100
3.35296e-103
6.95603e-106
1.3008e-108
2.17518e-111
3.22081e-114
4.17193e-117
4.65459e-120
4.38278e-123
3.38696e-126
2.06268e-129
9.28294e-133
2.7448e-136
4e-140
0
0
0
0
0
0
0
0
0
0
0
0
0
0
0
0
0
0
0
0
0
0
0
0
0
0
0
0
0
1.24293
0.362687
0.0759283
0.0122066
0.00157771
0.000169318
1.54487e-05
1.22008e-06
8.45842e-08
5.20552e-09
2.87005e-10
1.42843e-11
6.45857e-13
2.66731e-14
1.01084e-15
3.52943e-17
1.13933e-18
3.41065e-20
9.49358e-22
2.46291e-23
5.96751e-25
1.35289e-26
2.87449e-28
5.73205e-30
1.07414e-31
1.89361e-33
3.1436e-35
4.91852e-37
7.25815e-39
1.01081e-40
1.32918e-42
1.651e-44
1.93774e-46
2.14944e-48
2.25367e-50
2.23362e-52
2.09248e-54
1.85262e-56
1.54983e-58
1.22466e-60
9.13689e-63
6.43289e-65
4.27138e-67
2.67279e-69
1.57479e-71
8.72797e-74
4.54511e-76
2.22106e-78
1.017e-80
4.3563e-83
1.74233e-85
6.49296e-88
2.24909e-90
7.22168e-93
2.14278e-95
5.8542e-98
1.46661e-100
3.35296e-103
6.95603e-106
1.3008e-108
2.17518e-111
3.22081e-114
4.17193e-117
4.65459e-120
4.38278e-123
3.38696e-126
2.06268e-129
9.28294e-133
2.7448e-136
4e-140
0
0
0
0
0
0
0
0
0
0
0
0
0
0
0
0
0
0
0
0
0
0
0
0
0
0
0
0
0
1.24293
0.362687
0.0759283
0.0122066
0.00157771
0.000169318
1.54487e-05
1.22008e-06
8.45842e-08
5.20552e-09
2.87005e-10
1.42843e-11
6.45857e-13
2.66731e-14
1.01084e-15
3.52943e-17
1.13933e-18
3.41065e-20
9.49358e-22
2.46291e-23
5.96751e-25
1.35289e-26
2.87449e-28
5.73205e-30
1.07414e-31
1.89361e-33
3.1436e-35
4.91852e-37
7.25815e-39
1.01081e-40
1.32918e-42
1.651e-44
1.93774e-46
2.14944e-48
2.25367e-50
2.23362e-52
2.09248e-54
1.85262e-56
1.54983e-58
1.22466e-60
9.13689e-63
6.43289e-65
4.27138e-67
2.67279e-69
1.57479e-71
8.72797e-74
4.54511e-76
2.22106e-78
1.017e-80
4.3563e-83
1.74233e-85
6.49296e-88
2.24909e-90
7.22168e-93
2.14278e-95
5.8542e-98
1.46661e-100
3.35296e-103
6.95603e-106
1.3008e-108
2.17518e-111
3.22081e-114
4.17193e-117
4.65459e-120
4.38278e-123
3.38696e-126
2.06268e-129
9.28294e-133
2.7448e-136
4e-140
0
0
0
0
0
0
0
0
0
0
0
0
0
0
0
0
0
0
0
0
0
0
0
0
0
0
0
0
0
1.24293
0.362687
0.0759283
0.0122066
0.00157771
0.000169318
1.54487e-05
1.22008e-06
8.45842e-08
5.20552e-09
2.87005e-10
1.42843e-11
6.45857e-13
2.66731e-14
1.01084e-15
3.52943e-17
1.13933e-18
3.41065e-20
9.49358e-22
2.46291e-23
5.96751e-25
1.35289e-26
2.87449e-28
5.73205e-30
1.07414e-31
1.89361e-33
3.1436e-35
4.91852e-37
7.25815e-39
1.01081e-40
1.32918e-42
1.651e-44
1.93774e-46
2.14944e-48
2.25367e-50
2.23362e-52
2.09248e-54
1.85262e-56
1.54983e-58
1.22466e-60
9.13689e-63
6.43289e-65
4.27138e-67
2.67279e-69
1.57479e-71
8.72797e-74
4.54511e-76
2.22106e-78
1.017e-80
4.3563e-83
1.74233e-85
6.49296e-88
2.24909e-90
7.22168e-93
2.14278e-95
5.8542e-98
1.46661e-100
3.35296e-103
6.95603e-106
1.3008e-108
2.17518e-111
3.22081e-114
4.17193e-117
4.65459e-120
4.38278e-123
3.38696e-126
2.06268e-129
9.28294e-133
2.7448e-136
4e-140
0
0
0
0
0
0
0
0
0
0
0
0
0
0
0
0
0
0
0
0
0
0
0
0
0
0
0
0
0
1.24293
0.362687
0.0759283
0.0122066
0.00157771
0.000169318
1.54487e-05
1.22008e-06
8.45842e-08
5.20552e-09
2.87005e-10
1.42843e-11
6.45857e-13
2.66731e-14
1.01084e-15
3.52943e-17
1.13933e-18
3.41065e-20
9.49358e-22
2.46291e-23
5.96751e-25
1.35289e-26
2.87449e-28
5.73205e-30
1.07414e-31
1.89361e-33
3.1436e-35
4.91852e-37
7.25815e-39
1.01081e-40
1.32918e-42
1.651e-44
1.93774e-46
2.14944e-48
2.25367e-50
2.23362e-52
2.09248e-54
1.85262e-56
1.54983e-58
1.22466e-60
9.13689e-63
6.43289e-65
4.27138e-67
2.67279e-69
1.57479e-71
8.72797e-74
4.54511e-76
2.22106e-78
1.017e-80
4.3563e-83
1.74233e-85
6.49296e-88
2.24909e-90
7.22168e-93
2.14278e-95
5.8542e-98
1.46661e-100
3.35296e-103
6.95603e-106
1.3008e-108
2.17518e-111
3.22081e-114
4.17193e-117
4.65459e-120
4.38278e-123
3.38696e-126
2.06268e-129
9.28294e-133
2.7448e-136
4e-140
0
0
0
0
0
0
0
0
0
0
0
0
0
0
0
0
0
0
0
0
0
0
0
0
0
0
0
0
0
1.24293
0.362687
0.0759283
0.0122066
0.00157771
0.000169318
1.54487e-05
1.22008e-06
8.45842e-08
5.20552e-09
2.87005e-10
1.42843e-11
6.45857e-13
2.66731e-14
1.01084e-15
3.52943e-17
1.13933e-18
3.41065e-20
9.49358e-22
2.46291e-23
5.96751e-25
1.35289e-26
2.87449e-28
5.73205e-30
1.07414e-31
1.89361e-33
3.1436e-35
4.91852e-37
7.25815e-39
1.01081e-40
1.32918e-42
1.651e-44
1.93774e-46
2.14944e-48
2.25367e-50
2.23362e-52
2.09248e-54
1.85262e-56
1.54983e-58
1.22466e-60
9.13689e-63
6.43289e-65
4.27138e-67
2.67279e-69
1.57479e-71
8.72797e-74
4.54511e-76
2.22106e-78
1.017e-80
4.3563e-83
1.74233e-85
6.49296e-88
2.24909e-90
7.22168e-93
2.14278e-95
5.8542e-98
1.46661e-100
3.35296e-103
6.95603e-106
1.3008e-108
2.17518e-111
3.22081e-114
4.17193e-117
4.65459e-120
4.38278e-123
3.38696e-126
2.06268e-129
9.28294e-133
2.7448e-136
4e-140
0
0
0
0
0
0
0
0
0
0
0
0
0
0
0
0
0
0
0
0
0
0
0
0
0
0
0
0
0
1.24293
0.362687
0.0759283
0.0122066
0.00157771
0.000169318
1.54487e-05
1.22008e-06
8.45842e-08
5.20552e-09
2.87005e-10
1.42843e-11
6.45857e-13
2.66731e-14
1.01084e-15
3.52943e-17
1.13933e-18
3.41065e-20
9.49358e-22
2.46291e-23
5.96751e-25
1.35289e-26
2.87449e-28
5.73205e-30
1.07414e-31
1.89361e-33
3.1436e-35
4.91852e-37
7.25815e-39
1.01081e-40
1.32918e-42
1.651e-44
1.93774e-46
2.14944e-48
2.25367e-50
2.23362e-52
2.09248e-54
1.85262e-56
1.54983e-58
1.22466e-60
9.13689e-63
6.43289e-65
4.27138e-67
2.67279e-69
1.57479e-71
8.72797e-74
4.54511e-76
2.22106e-78
1.017e-80
4.3563e-83
1.74233e-85
6.49296e-88
2.24909e-90
7.22168e-93
2.14278e-95
5.8542e-98
1.46661e-100
3.35296e-103
6.95603e-106
1.3008e-108
2.17518e-111
3.22081e-114
4.17193e-117
4.65459e-120
4.38278e-123
3.38696e-126
2.06268e-129
9.28294e-133
2.7448e-136
4e-140
0
0
0
0
0
0
0
0
0
0
0
0
0
0
0
0
0
0
0
0
0
0
0
0
0
0
0
0
0
1.24293
0.362687
0.0759283
0.0122066
0.00157771
0.000169318
1.54487e-05
1.22008e-06
8.45842e-08
5.20552e-09
2.87005e-10
1.42843e-11
6.45857e-13
2.66731e-14
1.01084e-15
3.52943e-17
1.13933e-18
3.41065e-20
9.49358e-22
2.46291e-23
5.96751e-25
1.35289e-26
2.87449e-28
5.73205e-30
1.07414e-31
1.89361e-33
3.1436e-35
4.91852e-37
7.25815e-39
1.01081e-40
1.32918e-42
1.651e-44
1.93774e-46
2.14944e-48
2.25367e-50
2.23362e-52
2.09248e-54
1.85262e-56
1.54983e-58
1.22466e-60
9.13689e-63
6.43289e-65
4.27138e-67
2.67279e-69
1.57479e-71
8.72797e-74
4.54511e-76
2.22106e-78
1.017e-80
4.3563e-83
1.74233e-85
6.49296e-88
2.24909e-90
7.22168e-93
2.14278e-95
5.8542e-98
1.46661e-100
3.35296e-103
6.95603e-106
1.3008e-108
2.17518e-111
3.22081e-114
4.17193e-117
4.65459e-120
4.38278e-123
3.38696e-126
2.06268e-129
9.28294e-133
2.7448e-136
4e-140
0
0
0
0
0
0
0
0
0
0
0
0
0
0
0
0
0
0
0
0
0
0
0
0
0
0
0
0
0
1.24293
0.362687
0.0759283
0.0122066
0.00157771
0.000169318
1.54487e-05
1.22008e-06
8.45842e-08
5.20552e-09
2.87005e-10
1.42843e-11
6.45857e-13
2.66731e-14
1.01084e-15
3.52943e-17
1.13933e-18
3.41065e-20
9.49358e-22
2.46291e-23
5.96751e-25
1.35289e-26
2.87449e-28
5.73205e-30
1.07414e-31
1.89361e-33
3.1436e-35
4.91852e-37
7.25815e-39
1.01081e-40
1.32918e-42
1.651e-44
1.93774e-46
2.14944e-48
2.25367e-50
2.23362e-52
2.09248e-54
1.85262e-56
1.54983e-58
1.22466e-60
9.13689e-63
6.43289e-65
4.27138e-67
2.67279e-69
1.57479e-71
8.72797e-74
4.54511e-76
2.22106e-78
1.017e-80
4.3563e-83
1.74233e-85
6.49296e-88
2.24909e-90
7.22168e-93
2.14278e-95
5.8542e-98
1.46661e-100
3.35296e-103
6.95603e-106
1.3008e-108
2.17518e-111
3.22081e-114
4.17193e-117
4.65459e-120
4.38278e-123
3.38696e-126
2.06268e-129
9.28294e-133
2.7448e-136
4e-140
0
0
0
0
0
0
0
0
0
0
0
0
0
0
0
0
0
0
0
0
0
0
0
0
0
0
0
0
0
1.24293
0.362687
0.0759283
0.0122066
0.00157771
0.000169318
1.54487e-05
1.22008e-06
8.45842e-08
5.20552e-09
2.87005e-10
1.42843e-11
6.45857e-13
2.66731e-14
1.01084e-15
3.52943e-17
1.13933e-18
3.41065e-20
9.49358e-22
2.46291e-23
5.96751e-25
1.35289e-26
2.87449e-28
5.73205e-30
1.07414e-31
1.89361e-33
3.1436e-35
4.91852e-37
7.25815e-39
1.01081e-40
1.32918e-42
1.651e-44
1.93774e-46
2.14944e-48
2.25367e-50
2.23362e-52
2.09248e-54
1.85262e-56
1.54983e-58
1.22466e-60
9.13689e-63
6.43289e-65
4.27138e-67
2.67279e-69
1.57479e-71
8.72797e-74
4.54511e-76
2.22106e-78
1.017e-80
4.3563e-83
1.74233e-85
6.49296e-88
2.24909e-90
7.22168e-93
2.14278e-95
5.8542e-98
1.46661e-100
3.35296e-103
6.95603e-106
1.3008e-108
2.17518e-111
3.22081e-114
4.17193e-117
4.65459e-120
4.38278e-123
3.38696e-126
2.06268e-129
9.28294e-133
2.7448e-136
4e-140
0
0
0
0
0
0
0
0
0
0
0
0
0
0
0
0
0
0
0
0
0
0
0
0
0
0
0
0
0
1.24293
0.362687
0.0759283
0.0122066
0.00157771
0.000169318
1.54487e-05
1.22008e-06
8.45842e-08
5.20552e-09
2.87005e-10
1.42843e-11
6.45857e-13
2.66731e-14
1.01084e-15
3.52943e-17
1.13933e-18
3.41065e-20
9.49358e-22
2.46291e-23
5.96751e-25
1.35289e-26
2.87449e-28
5.73205e-30
1.07414e-31
1.89361e-33
3.1436e-35
4.91852e-37
7.25815e-39
1.01081e-40
1.32918e-42
1.651e-44
1.93774e-46
2.14944e-48
2.25367e-50
2.23362e-52
2.09248e-54
1.85262e-56
1.54983e-58
1.22466e-60
9.13689e-63
6.43289e-65
4.27138e-67
2.67279e-69
1.57479e-71
8.72797e-74
4.54511e-76
2.22106e-78
1.017e-80
4.3563e-83
1.74233e-85
6.49296e-88
2.24909e-90
7.22168e-93
2.14278e-95
5.8542e-98
1.46661e-100
3.35296e-103
6.95603e-106
1.3008e-108
2.17518e-111
3.22081e-114
4.17193e-117
4.65459e-120
4.38278e-123
3.38696e-126
2.06268e-129
9.28294e-133
2.7448e-136
4e-140
0
0
0
0
0
0
0
0
0
0
0
0
0
0
0
0
0
0
0
0
0
0
0
0
0
0
0
0
0
1.24293
0.362687
0.0759283
0.0122066
0.00157771
0.000169318
1.54487e-05
1.22008e-06
8.45842e-08
5.20552e-09
2.87005e-10
1.42843e-11
6.45857e-13
2.66731e-14
1.01084e-15
3.52943e-17
1.13933e-18
3.41065e-20
9.49358e-22
2.46291e-23
5.96751e-25
1.35289e-26
2.87449e-28
5.73205e-30
1.07414e-31
1.89361e-33
3.1436e-35
4.91852e-37
7.25815e-39
1.01081e-40
1.32918e-42
1.651e-44
1.93774e-46
2.14944e-48
2.25367e-50
2.23362e-52
2.09248e-54
1.85262e-56
1.54983e-58
1.22466e-60
9.13689e-63
6.43289e-65
4.27138e-67
2.67279e-69
1.57479e-71
8.72797e-74
4.54511e-76
2.22106e-78
1.017e-80
4.3563e-83
1.74233e-85
6.49296e-88
2.24909e-90
7.22168e-93
2.14278e-95
5.8542e-98
1.46661e-100
3.35296e-103
6.95603e-106
1.3008e-108
2.17518e-111
3.22081e-114
4.17193e-117
4.65459e-120
4.38278e-123
3.38696e-126
2.06268e-129
9.28294e-133
2.7448e-136
4e-140
0
0
0
0
0
0
0
0
0
0
0
0
0
0
0
0
0
0
0
0
0
0
0
0
0
0
0
0
0
1.24293
0.362687
0.0759283
0.0122066
0.00157771
0.000169318
1.54487e-05
1.22008e-06
8.45842e-08
5.20552e-09
2.87005e-10
1.42843e-11
6.45857e-13
2.66731e-14
1.01084e-15
3.52943e-17
1.13933e-18
3.41065e-20
9.49358e-22
2.46291e-23
5.96751e-25
1.35289e-26
2.87449e-28
5.73205e-30
1.07414e-31
1.89361e-33
3.1436e-35
4.91852e-37
7.25815e-39
1.01081e-40
1.32918e-42
1.651e-44
1.93774e-46
2.14944e-48
2.25367e-50
2.23362e-52
2.09248e-54
1.85262e-56
1.54983e-58
1.22466e-60
9.13689e-63
6.43289e-65
4.27138e-67
2.67279e-69
1.57479e-71
8.72797e-74
4.54511e-76
2.22106e-78
1.017e-80
4.3563e-83
1.74233e-85
6.49296e-88
2.24909e-90
7.22168e-93
2.14278e-95
5.8542e-98
1.46661e-100
3.35296e-103
6.95603e-106
1.3008e-108
2.17518e-111
3.22081e-114
4.17193e-117
4.65459e-120
4.38278e-123
3.38696e-126
2.06268e-129
9.28294e-133
2.7448e-136
4e-140
0
0
0
0
0
0
0
0
0
0
0
0
0
0
0
0
0
0
0
0
0
0
0
0
0
0
0
0
0
1.24293
0.362687
0.0759283
0.0122066
0.00157771
0.000169318
1.54487e-05
1.22008e-06
8.45842e-08
5.20552e-09
2.87005e-10
1.42843e-11
6.45857e-13
2.66731e-14
1.01084e-15
3.52943e-17
1.13933e-18
3.41065e-20
9.49358e-22
2.46291e-23
5.96751e-25
1.35289e-26
2.87449e-28
5.73205e-30
1.07414e-31
1.89361e-33
3.1436e-35
4.91852e-37
7.25815e-39
1.01081e-40
1.32918e-42
1.651e-44
1.93774e-46
2.14944e-48
2.25367e-50
2.23362e-52
2.09248e-54
1.85262e-56
1.54983e-58
1.22466e-60
9.13689e-63
6.43289e-65
4.27138e-67
2.67279e-69
1.57479e-71
8.72797e-74
4.54511e-76
2.22106e-78
1.017e-80
4.3563e-83
1.74233e-85
6.49296e-88
2.24909e-90
7.22168e-93
2.14278e-95
5.8542e-98
1.46661e-100
3.35296e-103
6.95603e-106
1.3008e-108
2.17518e-111
3.22081e-114
4.17193e-117
4.65459e-120
4.38278e-123
3.38696e-126
2.06268e-129
9.28294e-133
2.7448e-136
4e-140
0
0
0
0
0
0
0
0
0
0
0
0
0
0
0
0
0
0
0
0
0
0
0
0
0
0
0
0
0
1.24293
0.362687
0.0759283
0.0122066
0.00157771
0.000169318
1.54487e-05
1.22008e-06
8.45842e-08
5.20552e-09
2.87005e-10
1.42843e-11
6.45857e-13
2.66731e-14
1.01084e-15
3.52943e-17
1.13933e-18
3.41065e-20
9.49358e-22
2.46291e-23
5.96751e-25
1.35289e-26
2.87449e-28
5.73205e-30
1.07414e-31
1.89361e-33
3.1436e-35
4.91852e-37
7.25815e-39
1.01081e-40
1.32918e-42
1.651e-44
1.93774e-46
2.14944e-48
2.25367e-50
2.23362e-52
2.09248e-54
1.85262e-56
1.54983e-58
1.22466e-60
9.13689e-63
6.43289e-65
4.27138e-67
2.67279e-69
1.57479e-71
8.72797e-74
4.54511e-76
2.22106e-78
1.017e-80
4.3563e-83
1.74233e-85
6.49296e-88
2.24909e-90
7.22168e-93
2.14278e-95
5.8542e-98
1.46661e-100
3.35296e-103
6.95603e-106
1.3008e-108
2.17518e-111
3.22081e-114
4.17193e-117
4.65459e-120
4.38278e-123
3.38696e-126
2.06268e-129
9.28294e-133
2.7448e-136
4e-140
0
0
0
0
0
0
0
0
0
0
0
0
0
0
0
0
0
0
0
0
0
0
0
0
0
0
0
0
0
1.24293
0.362687
0.0759283
0.0122066
0.00157771
0.000169318
1.54487e-05
1.22008e-06
8.45842e-08
5.20552e-09
2.87005e-10
1.42843e-11
6.45857e-13
2.66731e-14
1.01084e-15
3.52943e-17
1.13933e-18
3.41065e-20
9.49358e-22
2.46291e-23
5.96751e-25
1.35289e-26
2.87449e-28
5.73205e-30
1.07414e-31
1.89361e-33
3.1436e-35
4.91852e-37
7.25815e-39
1.01081e-40
1.32918e-42
1.651e-44
1.93774e-46
2.14944e-48
2.25367e-50
2.23362e-52
2.09248e-54
1.85262e-56
1.54983e-58
1.22466e-60
9.13689e-63
6.43289e-65
4.27138e-67
2.67279e-69
1.57479e-71
8.72797e-74
4.54511e-76
2.22106e-78
1.017e-80
4.3563e-83
1.74233e-85
6.49296e-88
2.24909e-90
7.22168e-93
2.14278e-95
5.8542e-98
1.46661e-100
3.35296e-103
6.95603e-106
1.3008e-108
2.17518e-111
3.22081e-114
4.17193e-117
4.65459e-120
4.38278e-123
3.38696e-126
2.06268e-129
9.28294e-133
2.7448e-136
4e-140
0
0
0
0
0
0
0
0
0
0
0
0
0
0
0
0
0
0
0
0
0
0
0
0
0
0
0
0
0
1.24293
0.362687
0.0759283
0.0122066
0.00157771
0.000169318
1.54487e-05
1.22008e-06
8.45842e-08
5.20552e-09
2.87005e-10
1.42843e-11
6.45857e-13
2.66731e-14
1.01084e-15
3.52943e-17
1.13933e-18
3.41065e-20
9.49358e-22
2.46291e-23
5.96751e-25
1.35289e-26
2.87449e-28
5.73205e-30
1.07414e-31
1.89361e-33
3.1436e-35
4.91852e-37
7.25815e-39
1.01081e-40
1.32918e-42
1.651e-44
1.93774e-46
2.14944e-48
2.25367e-50
2.23362e-52
2.09248e-54
1.85262e-56
1.54983e-58
1.22466e-60
9.13689e-63
6.43289e-65
4.27138e-67
2.67279e-69
1.57479e-71
8.72797e-74
4.54511e-76
2.22106e-78
1.017e-80
4.3563e-83
1.74233e-85
6.49296e-88
2.24909e-90
7.22168e-93
2.14278e-95
5.8542e-98
1.46661e-100
3.35296e-103
6.95603e-106
1.3008e-108
2.17518e-111
3.22081e-114
4.17193e-117
4.65459e-120
4.38278e-123
3.38696e-126
2.06268e-129
9.28294e-133
2.7448e-136
4e-140
0
0
0
0
0
0
0
0
0
0
0
0
0
0
0
0
0
0
0
0
0
0
0
0
0
0
0
0
0
1.24293
0.362687
0.0759283
0.0122066
0.00157771
0.000169318
1.54487e-05
1.22008e-06
8.45842e-08
5.20552e-09
2.87005e-10
1.42843e-11
6.45857e-13
2.66731e-14
1.01084e-15
3.52943e-17
1.13933e-18
3.41065e-20
9.49358e-22
2.46291e-23
5.96751e-25
1.35289e-26
2.87449e-28
5.73205e-30
1.07414e-31
1.89361e-33
3.1436e-35
4.91852e-37
7.25815e-39
1.01081e-40
1.32918e-42
1.651e-44
1.93774e-46
2.14944e-48
2.25367e-50
2.23362e-52
2.09248e-54
1.85262e-56
1.54983e-58
1.22466e-60
9.13689e-63
6.43289e-65
4.27138e-67
2.67279e-69
1.57479e-71
8.72797e-74
4.54511e-76
2.22106e-78
1.017e-80
4.3563e-83
1.74233e-85
6.49296e-88
2.24909e-90
7.22168e-93
2.14278e-95
5.8542e-98
1.46661e-100
3.35296e-103
6.95603e-106
1.3008e-108
2.17518e-111
3.22081e-114
4.17193e-117
4.65459e-120
4.38278e-123
3.38696e-126
2.06268e-129
9.28294e-133
2.7448e-136
4e-140
0
0
0
0
0
0
0
0
0
0
0
0
0
0
0
0
0
0
0
0
0
0
0
0
0
0
0
0
0
1.24293
0.362687
0.0759283
0.0122066
0.00157771
0.000169318
1.54487e-05
1.22008e-06
8.45842e-08
5.20552e-09
2.87005e-10
1.42843e-11
6.45857e-13
2.66731e-14
1.01084e-15
3.52943e-17
1.13933e-18
3.41065e-20
9.49358e-22
2.46291e-23
5.96751e-25
1.35289e-26
2.87449e-28
5.73205e-30
1.07414e-31
1.89361e-33
3.1436e-35
4.91852e-37
7.25815e-39
1.01081e-40
1.32918e-42
1.651e-44
1.93774e-46
2.14944e-48
2.25367e-50
2.23362e-52
2.09248e-54
1.85262e-56
1.54983e-58
1.22466e-60
9.13689e-63
6.43289e-65
4.27138e-67
2.67279e-69
1.57479e-71
8.72797e-74
4.54511e-76
2.22106e-78
1.017e-80
4.3563e-83
1.74233e-85
6.49296e-88
2.24909e-90
7.22168e-93
2.14278e-95
5.8542e-98
1.46661e-100
3.35296e-103
6.95603e-106
1.3008e-108
2.17518e-111
3.22081e-114
4.17193e-117
4.65459e-120
4.38278e-123
3.38696e-126
2.06268e-129
9.28294e-133
2.7448e-136
4e-140
0
0
0
0
0
0
0
0
0
0
0
0
0
0
0
0
0
0
0
0
0
0
0
0
0
0
0
0
0
1.24293
0.362687
0.0759283
0.0122066
0.00157771
0.000169318
1.54487e-05
1.22008e-06
8.45842e-08
5.20552e-09
2.87005e-10
1.42843e-11
6.45857e-13
2.66731e-14
1.01084e-15
3.52943e-17
1.13933e-18
3.41065e-20
9.49358e-22
2.46291e-23
5.96751e-25
1.35289e-26
2.87449e-28
5.73205e-30
1.07414e-31
1.89361e-33
3.1436e-35
4.91852e-37
7.25815e-39
1.01081e-40
1.32918e-42
1.651e-44
1.93774e-46
2.14944e-48
2.25367e-50
2.23362e-52
2.09248e-54
1.85262e-56
1.54983e-58
1.22466e-60
9.13689e-63
6.43289e-65
4.27138e-67
2.67279e-69
1.57479e-71
8.72797e-74
4.54511e-76
2.22106e-78
1.017e-80
4.3563e-83
1.74233e-85
6.49296e-88
2.24909e-90
7.22168e-93
2.14278e-95
5.8542e-98
1.46661e-100
3.35296e-103
6.95603e-106
1.3008e-108
2.17518e-111
3.22081e-114
4.17193e-117
4.65459e-120
4.38278e-123
3.38696e-126
2.06268e-129
9.28294e-133
2.7448e-136
4e-140
0
0
0
0
0
0
0
0
0
0
0
0
0
0
0
0
0
0
0
0
0
0
0
0
0
0
0
0
0
1.24293
0.362687
0.0759283
0.0122066
0.00157771
0.000169318
1.54487e-05
1.22008e-06
8.45842e-08
5.20552e-09
2.87005e-10
1.42843e-11
6.45857e-13
2.66731e-14
1.01084e-15
3.52943e-17
1.13933e-18
3.41065e-20
9.49358e-22
2.46291e-23
5.96751e-25
1.35289e-26
2.87449e-28
5.73205e-30
1.07414e-31
1.89361e-33
3.1436e-35
4.91852e-37
7.25815e-39
1.01081e-40
1.32918e-42
1.651e-44
1.93774e-46
2.14944e-48
2.25367e-50
2.23362e-52
2.09248e-54
1.85262e-56
1.54983e-58
1.22466e-60
9.13689e-63
6.43289e-65
4.27138e-67
2.67279e-69
1.57479e-71
8.72797e-74
4.54511e-76
2.22106e-78
1.017e-80
4.3563e-83
1.74233e-85
6.49296e-88
2.24909e-90
7.22168e-93
2.14278e-95
5.8542e-98
1.46661e-100
3.35296e-103
6.95603e-106
1.3008e-108
2.17518e-111
3.22081e-114
4.17193e-117
4.65459e-120
4.38278e-123
3.38696e-126
2.06268e-129
9.28294e-133
2.7448e-136
4e-140
0
0
0
0
0
0
0
0
0
0
0
0
0
0
0
0
0
0
0
0
0
0
0
0
0
0
0
0
0
1.24293
0.362687
0.0759283
0.0122066
0.00157771
0.000169318
1.54487e-05
1.22008e-06
8.45842e-08
5.20552e-09
2.87005e-10
1.42843e-11
6.45857e-13
2.66731e-14
1.01084e-15
3.52943e-17
1.13933e-18
3.41065e-20
9.49358e-22
2.46291e-23
5.96751e-25
1.35289e-26
2.87449e-28
5.73205e-30
1.07414e-31
1.89361e-33
3.1436e-35
4.91852e-37
7.25815e-39
1.01081e-40
1.32918e-42
1.651e-44
1.93774e-46
2.14944e-48
2.25367e-50
2.23362e-52
2.09248e-54
1.85262e-56
1.54983e-58
1.22466e-60
9.13689e-63
6.43289e-65
4.27138e-67
2.67279e-69
1.57479e-71
8.72797e-74
4.54511e-76
2.22106e-78
1.017e-80
4.3563e-83
1.74233e-85
6.49296e-88
2.24909e-90
7.22168e-93
2.14278e-95
5.8542e-98
1.46661e-100
3.35296e-103
6.95603e-106
1.3008e-108
2.17518e-111
3.22081e-114
4.17193e-117
4.65459e-120
4.38278e-123
3.38696e-126
2.06268e-129
9.28294e-133
2.7448e-136
4e-140
0
0
0
0
0
0
0
0
0
0
0
0
0
0
0
0
0
0
0
0
0
0
0
0
0
0
0
0
0
1.24293
0.362687
0.0759283
0.0122066
0.00157771
0.000169318
1.54487e-05
1.22008e-06
8.45842e-08
5.20552e-09
2.87005e-10
1.42843e-11
6.45857e-13
2.66731e-14
1.01084e-15
3.52943e-17
1.13933e-18
3.41065e-20
9.49358e-22
2.46291e-23
5.96751e-25
1.35289e-26
2.87449e-28
5.73205e-30
1.07414e-31
1.89361e-33
3.1436e-35
4.91852e-37
7.25815e-39
1.01081e-40
1.32918e-42
1.651e-44
1.93774e-46
2.14944e-48
2.25367e-50
2.23362e-52
2.09248e-54
1.85262e-56
1.54983e-58
1.22466e-60
9.13689e-63
6.43289e-65
4.27138e-67
2.67279e-69
1.57479e-71
8.72797e-74
4.54511e-76
2.22106e-78
1.017e-80
4.3563e-83
1.74233e-85
6.49296e-88
2.24909e-90
7.22168e-93
2.14278e-95
5.8542e-98
1.46661e-100
3.35296e-103
6.95603e-106
1.3008e-108
2.17518e-111
3.22081e-114
4.17193e-117
4.65459e-120
4.38278e-123
3.38696e-126
2.06268e-129
9.28294e-133
2.7448e-136
4e-140
0
0
0
0
0
0
0
0
0
0
0
0
0
0
0
0
0
0
0
0
0
0
0
0
0
0
0
0
0
1.24293
0.362687
0.0759283
0.0122066
0.00157771
0.000169318
1.54487e-05
1.22008e-06
8.45842e-08
5.20552e-09
2.87005e-10
1.42843e-11
6.45857e-13
2.66731e-14
1.01084e-15
3.52943e-17
1.13933e-18
3.41065e-20
9.49358e-22
2.46291e-23
5.96751e-25
1.35289e-26
2.87449e-28
5.73205e-30
1.07414e-31
1.89361e-33
3.1436e-35
4.91852e-37
7.25815e-39
1.01081e-40
1.32918e-42
1.651e-44
1.93774e-46
2.14944e-48
2.25367e-50
2.23362e-52
2.09248e-54
1.85262e-56
1.54983e-58
1.22466e-60
9.13689e-63
6.43289e-65
4.27138e-67
2.67279e-69
1.57479e-71
8.72797e-74
4.54511e-76
2.22106e-78
1.017e-80
4.3563e-83
1.74233e-85
6.49296e-88
2.24909e-90
7.22168e-93
2.14278e-95
5.8542e-98
1.46661e-100
3.35296e-103
6.95603e-106
1.3008e-108
2.17518e-111
3.22081e-114
4.17193e-117
4.65459e-120
4.38278e-123
3.38696e-126
2.06268e-129
9.28294e-133
2.7448e-136
4e-140
0
0
0
0
0
0
0
0
0
0
0
0
0
0
0
0
0
0
0
0
0
0
0
0
0
0
0
0
0
1.24293
0.362687
0.0759283
0.0122066
0.00157771
0.000169318
1.54487e-05
1.22008e-06
8.45842e-08
5.20552e-09
2.87005e-10
1.42843e-11
6.45857e-13
2.66731e-14
1.01084e-15
3.52943e-17
1.13933e-18
3.41065e-20
9.49358e-22
2.46291e-23
5.96751e-25
1.35289e-26
2.87449e-28
5.73205e-30
1.07414e-31
1.89361e-33
3.1436e-35
4.91852e-37
7.25815e-39
1.01081e-40
1.32918e-42
1.651e-44
1.93774e-46
2.14944e-48
2.25367e-50
2.23362e-52
2.09248e-54
1.85262e-56
1.54983e-58
1.22466e-60
9.13689e-63
6.43289e-65
4.27138e-67
2.67279e-69
1.57479e-71
8.72797e-74
4.54511e-76
2.22106e-78
1.017e-80
4.3563e-83
1.74233e-85
6.49296e-88
2.24909e-90
7.22168e-93
2.14278e-95
5.8542e-98
1.46661e-100
3.35296e-103
6.95603e-106
1.3008e-108
2.17518e-111
3.22081e-114
4.17193e-117
4.65459e-120
4.38278e-123
3.38696e-126
2.06268e-129
9.28294e-133
2.7448e-136
4e-140
0
0
0
0
0
0
0
0
0
0
0
0
0
0
0
0
0
0
0
0
0
0
0
0
0
0
0
0
0
1.24293
0.362687
0.0759283
0.0122066
0.00157771
0.000169318
1.54487e-05
1.22008e-06
8.45842e-08
5.20552e-09
2.87005e-10
1.42843e-11
6.45857e-13
2.66731e-14
1.01084e-15
3.52943e-17
1.13933e-18
3.41065e-20
9.49358e-22
2.46291e-23
5.96751e-25
1.35289e-26
2.87449e-28
5.73205e-30
1.07414e-31
1.89361e-33
3.1436e-35
4.91852e-37
7.25815e-39
1.01081e-40
1.32918e-42
1.651e-44
1.93774e-46
2.14944e-48
2.25367e-50
2.23362e-52
2.09248e-54
1.85262e-56
1.54983e-58
1.22466e-60
9.13689e-63
6.43289e-65
4.27138e-67
2.67279e-69
1.57479e-71
8.72797e-74
4.54511e-76
2.22106e-78
1.017e-80
4.3563e-83
1.74233e-85
6.49296e-88
2.24909e-90
7.22168e-93
2.14278e-95
5.8542e-98
1.46661e-100
3.35296e-103
6.95603e-106
1.3008e-108
2.17518e-111
3.22081e-114
4.17193e-117
4.65459e-120
4.38278e-123
3.38696e-126
2.06268e-129
9.28294e-133
2.7448e-136
4e-140
0
0
0
0
0
0
0
0
0
0
0
0
0
0
0
0
0
0
0
0
0
0
0
0
0
0
0
0
0
1.24293
0.362687
0.0759283
0.0122066
0.00157771
0.000169318
1.54487e-05
1.22008e-06
8.45842e-08
5.20552e-09
2.87005e-10
1.42843e-11
6.45857e-13
2.66731e-14
1.01084e-15
3.52943e-17
1.13933e-18
3.41065e-20
9.49358e-22
2.46291e-23
5.96751e-25
1.35289e-26
2.87449e-28
5.73205e-30
1.07414e-31
1.89361e-33
3.1436e-35
4.91852e-37
7.25815e-39
1.01081e-40
1.32918e-42
1.651e-44
1.93774e-46
2.14944e-48
2.25367e-50
2.23362e-52
2.09248e-54
1.85262e-56
1.54983e-58
1.22466e-60
9.13689e-63
6.43289e-65
4.27138e-67
2.67279e-69
1.57479e-71
8.72797e-74
4.54511e-76
2.22106e-78
1.017e-80
4.3563e-83
1.74233e-85
6.49296e-88
2.24909e-90
7.22168e-93
2.14278e-95
5.8542e-98
1.46661e-100
3.35296e-103
6.95603e-106
1.3008e-108
2.17518e-111
3.22081e-114
4.17193e-117
4.65459e-120
4.38278e-123
3.38696e-126
2.06268e-129
9.28294e-133
2.7448e-136
4e-140
0
0
0
0
0
0
0
0
0
0
0
0
0
0
0
0
0
0
0
0
0
0
0
0
0
0
0
0
0
1.24293
0.362687
0.0759283
0.0122066
0.00157771
0.000169318
1.54487e-05
1.22008e-06
8.45842e-08
5.20552e-09
2.87005e-10
1.42843e-11
6.45857e-13
2.66731e-14
1.01084e-15
3.52943e-17
1.13933e-18
3.41065e-20
9.49358e-22
2.46291e-23
5.96751e-25
1.35289e-26
2.87449e-28
5.73205e-30
1.07414e-31
1.89361e-33
3.1436e-35
4.91852e-37
7.25815e-39
1.01081e-40
1.32918e-42
1.651e-44
1.93774e-46
2.14944e-48
2.25367e-50
2.23362e-52
2.09248e-54
1.85262e-56
1.54983e-58
1.22466e-60
9.13689e-63
6.43289e-65
4.27138e-67
2.67279e-69
1.57479e-71
8.72797e-74
4.54511e-76
2.22106e-78
1.017e-80
4.3563e-83
1.74233e-85
6.49296e-88
2.24909e-90
7.22168e-93
2.14278e-95
5.8542e-98
1.46661e-100
3.35296e-103
6.95603e-106
1.3008e-108
2.17518e-111
3.22081e-114
4.17193e-117
4.65459e-120
4.38278e-123
3.38696e-126
2.06268e-129
9.28294e-133
2.7448e-136
4e-140
0
0
0
0
0
0
0
0
0
0
0
0
0
0
0
0
0
0
0
0
0
0
0
0
0
0
0
0
0
1.24293
0.362687
0.0759283
0.0122066
0.00157771
0.000169318
1.54487e-05
1.22008e-06
8.45842e-08
5.20552e-09
2.87005e-10
1.42843e-11
6.45857e-13
2.66731e-14
1.01084e-15
3.52943e-17
1.13933e-18
3.41065e-20
9.49358e-22
2.46291e-23
5.96751e-25
1.35289e-26
2.87449e-28
5.73205e-30
1.07414e-31
1.89361e-33
3.1436e-35
4.91852e-37
7.25815e-39
1.01081e-40
1.32918e-42
1.651e-44
1.93774e-46
2.14944e-48
2.25367e-50
2.23362e-52
2.09248e-54
1.85262e-56
1.54983e-58
1.22466e-60
9.13689e-63
6.43289e-65
4.27138e-67
2.67279e-69
1.57479e-71
8.72797e-74
4.54511e-76
2.22106e-78
1.017e-80
4.3563e-83
1.74233e-85
6.49296e-88
2.24909e-90
7.22168e-93
2.14278e-95
5.8542e-98
1.46661e-100
3.35296e-103
6.95603e-106
1.3008e-108
2.17518e-111
3.22081e-114
4.17193e-117
4.65459e-120
4.38278e-123
3.38696e-126
2.06268e-129
9.28294e-133
2.7448e-136
4e-140
0
0
0
0
0
0
0
0
0
0
0
0
0
0
0
0
0
0
0
0
0
0
0
0
0
0
0
0
0
1.24293
0.362687
0.0759283
0.0122066
0.00157771
0.000169318
1.54487e-05
1.22008e-06
8.45842e-08
5.20552e-09
2.87005e-10
1.42843e-11
6.45857e-13
2.66731e-14
1.01084e-15
3.52943e-17
1.13933e-18
3.41065e-20
9.49358e-22
2.46291e-23
5.96751e-25
1.35289e-26
2.87449e-28
5.73205e-30
1.07414e-31
1.89361e-33
3.1436e-35
4.91852e-37
7.25815e-39
1.01081e-40
1.32918e-42
1.651e-44
1.93774e-46
2.14944e-48
2.25367e-50
2.23362e-52
2.09248e-54
1.85262e-56
1.54983e-58
1.22466e-60
9.13689e-63
6.43289e-65
4.27138e-67
2.67279e-69
1.57479e-71
8.72797e-74
4.54511e-76
2.22106e-78
1.017e-80
4.3563e-83
1.74233e-85
6.49296e-88
2.24909e-90
7.22168e-93
2.14278e-95
5.8542e-98
1.46661e-100
3.35296e-103
6.95603e-106
1.3008e-108
2.17518e-111
3.22081e-114
4.17193e-117
4.65459e-120
4.38278e-123
3.38696e-126
2.06268e-129
9.28294e-133
2.7448e-136
4e-140
0
0
0
0
0
0
0
0
0
0
0
0
0
0
0
0
0
0
0
0
0
0
0
0
0
0
0
0
0
1.24293
0.362687
0.0759283
0.0122066
0.00157771
0.000169318
1.54487e-05
1.22008e-06
8.45842e-08
5.20552e-09
2.87005e-10
1.42843e-11
6.45857e-13
2.66731e-14
1.01084e-15
3.52943e-17
1.13933e-18
3.41065e-20
9.49358e-22
2.46291e-23
5.96751e-25
1.35289e-26
2.87449e-28
5.73205e-30
1.07414e-31
1.89361e-33
3.1436e-35
4.91852e-37
7.25815e-39
1.01081e-40
1.32918e-42
1.651e-44
1.93774e-46
2.14944e-48
2.25367e-50
2.23362e-52
2.09248e-54
1.85262e-56
1.54983e-58
1.22466e-60
9.13689e-63
6.43289e-65
4.27138e-67
2.67279e-69
1.57479e-71
8.72797e-74
4.54511e-76
2.22106e-78
1.017e-80
4.3563e-83
1.74233e-85
6.49296e-88
2.24909e-90
7.22168e-93
2.14278e-95
5.8542e-98
1.46661e-100
3.35296e-103
6.95603e-106
1.3008e-108
2.17518e-111
3.22081e-114
4.17193e-117
4.65459e-120
4.38278e-123
3.38696e-126
2.06268e-129
9.28294e-133
2.7448e-136
4e-140
0
0
0
0
0
0
0
0
0
0
0
0
0
0
0
0
0
0
0
0
0
0
0
0
0
0
0
0
0
1.24293
0.362687
0.0759283
0.0122066
0.00157771
0.000169318
1.54487e-05
1.22008e-06
8.45842e-08
5.20552e-09
2.87005e-10
1.42843e-11
6.45857e-13
2.66731e-14
1.01084e-15
3.52943e-17
1.13933e-18
3.41065e-20
9.49358e-22
2.46291e-23
5.96751e-25
1.35289e-26
2.87449e-28
5.73205e-30
1.07414e-31
1.89361e-33
3.1436e-35
4.91852e-37
7.25815e-39
1.01081e-40
1.32918e-42
1.651e-44
1.93774e-46
2.14944e-48
2.25367e-50
2.23362e-52
2.09248e-54
1.85262e-56
1.54983e-58
1.22466e-60
9.13689e-63
6.43289e-65
4.27138e-67
2.67279e-69
1.57479e-71
8.72797e-74
4.54511e-76
2.22106e-78
1.017e-80
4.3563e-83
1.74233e-85
6.49296e-88
2.24909e-90
7.22168e-93
2.14278e-95
5.8542e-98
1.46661e-100
3.35296e-103
6.95603e-106
1.3008e-108
2.17518e-111
3.22081e-114
4.17193e-117
4.65459e-120
4.38278e-123
3.38696e-126
2.06268e-129
9.28294e-133
2.7448e-136
4e-140
0
0
0
0
0
0
0
0
0
0
0
0
0
0
0
0
0
0
0
0
0
0
0
0
0
0
0
0
0
1.24293
0.362687
0.0759283
0.0122066
0.00157771
0.000169318
1.54487e-05
1.22008e-06
8.45842e-08
5.20552e-09
2.87005e-10
1.42843e-11
6.45857e-13
2.66731e-14
1.01084e-15
3.52943e-17
1.13933e-18
3.41065e-20
9.49358e-22
2.46291e-23
5.96751e-25
1.35289e-26
2.87449e-28
5.73205e-30
1.07414e-31
1.89361e-33
3.1436e-35
4.91852e-37
7.25815e-39
1.01081e-40
1.32918e-42
1.651e-44
1.93774e-46
2.14944e-48
2.25367e-50
2.23362e-52
2.09248e-54
1.85262e-56
1.54983e-58
1.22466e-60
9.13689e-63
6.43289e-65
4.27138e-67
2.67279e-69
1.57479e-71
8.72797e-74
4.54511e-76
2.22106e-78
1.017e-80
4.3563e-83
1.74233e-85
6.49296e-88
2.24909e-90
7.22168e-93
2.14278e-95
5.8542e-98
1.46661e-100
3.35296e-103
6.95603e-106
1.3008e-108
2.17518e-111
3.22081e-114
4.17193e-117
4.65459e-120
4.38278e-123
3.38696e-126
2.06268e-129
9.28294e-133
2.7448e-136
4e-140
0
0
0
0
0
0
0
0
0
0
0
0
0
0
0
0
0
0
0
0
0
0
0
0
0
0
0
0
0
1.24293
0.362687
0.0759283
0.0122066
0.00157771
0.000169318
1.54487e-05
1.22008e-06
8.45842e-08
5.20552e-09
2.87005e-10
1.42843e-11
6.45857e-13
2.66731e-14
1.01084e-15
3.52943e-17
1.13933e-18
3.41065e-20
9.49358e-22
2.46291e-23
5.96751e-25
1.35289e-26
2.87449e-28
5.73205e-30
1.07414e-31
1.89361e-33
3.1436e-35
4.91852e-37
7.25815e-39
1.01081e-40
1.32918e-42
1.651e-44
1.93774e-46
2.14944e-48
2.25367e-50
2.23362e-52
2.09248e-54
1.85262e-56
1.54983e-58
1.22466e-60
9.13689e-63
6.43289e-65
4.27138e-67
2.67279e-69
1.57479e-71
8.72797e-74
4.54511e-76
2.22106e-78
1.017e-80
4.3563e-83
1.74233e-85
6.49296e-88
2.24909e-90
7.22168e-93
2.14278e-95
5.8542e-98
1.46661e-100
3.35296e-103
6.95603e-106
1.3008e-108
2.17518e-111
3.22081e-114
4.17193e-117
4.65459e-120
4.38278e-123
3.38696e-126
2.06268e-129
9.28294e-133
2.7448e-136
4e-140
0
0
0
0
0
0
0
0
0
0
0
0
0
0
0
0
0
0
0
0
0
0
0
0
0
0
0
0
0
1.24293
0.362687
0.0759283
0.0122066
0.00157771
0.000169318
1.54487e-05
1.22008e-06
8.45842e-08
5.20552e-09
2.87005e-10
1.42843e-11
6.45857e-13
2.66731e-14
1.01084e-15
3.52943e-17
1.13933e-18
3.41065e-20
9.49358e-22
2.46291e-23
5.96751e-25
1.35289e-26
2.87449e-28
5.73205e-30
1.07414e-31
1.89361e-33
3.1436e-35
4.91852e-37
7.25815e-39
1.01081e-40
1.32918e-42
1.651e-44
1.93774e-46
2.14944e-48
2.25367e-50
2.23362e-52
2.09248e-54
1.85262e-56
1.54983e-58
1.22466e-60
9.13689e-63
6.43289e-65
4.27138e-67
2.67279e-69
1.57479e-71
8.72797e-74
4.54511e-76
2.22106e-78
1.017e-80
4.3563e-83
1.74233e-85
6.49296e-88
2.24909e-90
7.22168e-93
2.14278e-95
5.8542e-98
1.46661e-100
3.35296e-103
6.95603e-106
1.3008e-108
2.17518e-111
3.22081e-114
4.17193e-117
4.65459e-120
4.38278e-123
3.38696e-126
2.06268e-129
9.28294e-133
2.7448e-136
4e-140
0
0
0
0
0
0
0
0
0
0
0
0
0
0
0
0
0
0
0
0
0
0
0
0
0
0
0
0
0
1.24293
0.362687
0.0759283
0.0122066
0.00157771
0.000169318
1.54487e-05
1.22008e-06
8.45842e-08
5.20552e-09
2.87005e-10
1.42843e-11
6.45857e-13
2.66731e-14
1.01084e-15
3.52943e-17
1.13933e-18
3.41065e-20
9.49358e-22
2.46291e-23
5.96751e-25
1.35289e-26
2.87449e-28
5.73205e-30
1.07414e-31
1.89361e-33
3.1436e-35
4.91852e-37
7.25815e-39
1.01081e-40
1.32918e-42
1.651e-44
1.93774e-46
2.14944e-48
2.25367e-50
2.23362e-52
2.09248e-54
1.85262e-56
1.54983e-58
1.22466e-60
9.13689e-63
6.43289e-65
4.27138e-67
2.67279e-69
1.57479e-71
8.72797e-74
4.54511e-76
2.22106e-78
1.017e-80
4.3563e-83
1.74233e-85
6.49296e-88
2.24909e-90
7.22168e-93
2.14278e-95
5.8542e-98
1.46661e-100
3.35296e-103
6.95603e-106
1.3008e-108
2.17518e-111
3.22081e-114
4.17193e-117
4.65459e-120
4.38278e-123
3.38696e-126
2.06268e-129
9.28294e-133
2.7448e-136
4e-140
0
0
0
0
0
0
0
0
0
0
0
0
0
0
0
0
0
0
0
0
0
0
0
0
0
0
0
0
0
1.24293
0.362687
0.0759283
0.0122066
0.00157771
0.000169318
1.54487e-05
1.22008e-06
8.45842e-08
5.20552e-09
2.87005e-10
1.42843e-11
6.45857e-13
2.66731e-14
1.01084e-15
3.52943e-17
1.13933e-18
3.41065e-20
9.49358e-22
2.46291e-23
5.96751e-25
1.35289e-26
2.87449e-28
5.73205e-30
1.07414e-31
1.89361e-33
3.1436e-35
4.91852e-37
7.25815e-39
1.01081e-40
1.32918e-42
1.651e-44
1.93774e-46
2.14944e-48
2.25367e-50
2.23362e-52
2.09248e-54
1.85262e-56
1.54983e-58
1.22466e-60
9.13689e-63
6.43289e-65
4.27138e-67
2.67279e-69
1.57479e-71
8.72797e-74
4.54511e-76
2.22106e-78
1.017e-80
4.3563e-83
1.74233e-85
6.49296e-88
2.24909e-90
7.22168e-93
2.14278e-95
5.8542e-98
1.46661e-100
3.35296e-103
6.95603e-106
1.3008e-108
2.17518e-111
3.22081e-114
4.17193e-117
4.65459e-120
4.38278e-123
3.38696e-126
2.06268e-129
9.28294e-133
2.7448e-136
4e-140
0
0
0
0
0
0
0
0
0
0
0
0
0
0
0
0
0
0
0
0
0
0
0
0
0
0
0
0
0
1.24293
0.362687
0.0759283
0.0122066
0.00157771
0.000169318
1.54487e-05
1.22008e-06
8.45842e-08
5.20552e-09
2.87005e-10
1.42843e-11
6.45857e-13
2.66731e-14
1.01084e-15
3.52943e-17
1.13933e-18
3.41065e-20
9.49358e-22
2.46291e-23
5.96751e-25
1.35289e-26
2.87449e-28
5.73205e-30
1.07414e-31
1.89361e-33
3.1436e-35
4.91852e-37
7.25815e-39
1.01081e-40
1.32918e-42
1.651e-44
1.93774e-46
2.14944e-48
2.25367e-50
2.23362e-52
2.09248e-54
1.85262e-56
1.54983e-58
1.22466e-60
9.13689e-63
6.43289e-65
4.27138e-67
2.67279e-69
1.57479e-71
8.72797e-74
4.54511e-76
2.22106e-78
1.017e-80
4.3563e-83
1.74233e-85
6.49296e-88
2.24909e-90
7.22168e-93
2.14278e-95
5.8542e-98
1.46661e-100
3.35296e-103
6.95603e-106
1.3008e-108
2.17518e-111
3.22081e-114
4.17193e-117
4.65459e-120
4.38278e-123
3.38696e-126
2.06268e-129
9.28294e-133
2.7448e-136
4e-140
0
0
0
0
0
0
0
0
0
0
0
0
0
0
0
0
0
0
0
0
0
0
0
0
0
0
0
0
0
1.24293
0.362687
0.0759283
0.0122066
0.00157771
0.000169318
1.54487e-05
1.22008e-06
8.45842e-08
5.20552e-09
2.87005e-10
1.42843e-11
6.45857e-13
2.66731e-14
1.01084e-15
3.52943e-17
1.13933e-18
3.41065e-20
9.49358e-22
2.46291e-23
5.96751e-25
1.35289e-26
2.87449e-28
5.73205e-30
1.07414e-31
1.89361e-33
3.1436e-35
4.91852e-37
7.25815e-39
1.01081e-40
1.32918e-42
1.651e-44
1.93774e-46
2.14944e-48
2.25367e-50
2.23362e-52
2.09248e-54
1.85262e-56
1.54983e-58
1.22466e-60
9.13689e-63
6.43289e-65
4.27138e-67
2.67279e-69
1.57479e-71
8.72797e-74
4.54511e-76
2.22106e-78
1.017e-80
4.3563e-83
1.74233e-85
6.49296e-88
2.24909e-90
7.22168e-93
2.14278e-95
5.8542e-98
1.46661e-100
3.35296e-103
6.95603e-106
1.3008e-108
2.17518e-111
3.22081e-114
4.17193e-117
4.65459e-120
4.38278e-123
3.38696e-126
2.06268e-129
9.28294e-133
2.7448e-136
4e-140
0
0
0
0
0
0
0
0
0
0
0
0
0
0
0
0
0
0
0
0
0
0
0
0
0
0
0
0
0
1.24293
0.362687
0.0759283
0.0122066
0.00157771
0.000169318
1.54487e-05
1.22008e-06
8.45842e-08
5.20552e-09
2.87005e-10
1.42843e-11
6.45857e-13
2.66731e-14
1.01084e-15
3.52943e-17
1.13933e-18
3.41065e-20
9.49358e-22
2.46291e-23
5.96751e-25
1.35289e-26
2.87449e-28
5.73205e-30
1.07414e-31
1.89361e-33
3.1436e-35
4.91852e-37
7.25815e-39
1.01081e-40
1.32918e-42
1.651e-44
1.93774e-46
2.14944e-48
2.25367e-50
2.23362e-52
2.09248e-54
1.85262e-56
1.54983e-58
1.22466e-60
9.13689e-63
6.43289e-65
4.27138e-67
2.67279e-69
1.57479e-71
8.72797e-74
4.54511e-76
2.22106e-78
1.017e-80
4.3563e-83
1.74233e-85
6.49296e-88
2.24909e-90
7.22168e-93
2.14278e-95
5.8542e-98
1.46661e-100
3.35296e-103
6.95603e-106
1.3008e-108
2.17518e-111
3.22081e-114
4.17193e-117
4.65459e-120
4.38278e-123
3.38696e-126
2.06268e-129
9.28294e-133
2.7448e-136
4e-140
0
0
0
0
0
0
0
0
0
0
0
0
0
0
0
0
0
0
0
0
0
0
0
0
0
0
0
0
0
1.24293
0.362687
0.0759283
0.0122066
0.00157771
0.000169318
1.54487e-05
1.22008e-06
8.45842e-08
5.20552e-09
2.87005e-10
1.42843e-11
6.45857e-13
2.66731e-14
1.01084e-15
3.52943e-17
1.13933e-18
3.41065e-20
9.49358e-22
2.46291e-23
5.96751e-25
1.35289e-26
2.87449e-28
5.73205e-30
1.07414e-31
1.89361e-33
3.1436e-35
4.91852e-37
7.25815e-39
1.01081e-40
1.32918e-42
1.651e-44
1.93774e-46
2.14944e-48
2.25367e-50
2.23362e-52
2.09248e-54
1.85262e-56
1.54983e-58
1.22466e-60
9.13689e-63
6.43289e-65
4.27138e-67
2.67279e-69
1.57479e-71
8.72797e-74
4.54511e-76
2.22106e-78
1.017e-80
4.3563e-83
1.74233e-85
6.49296e-88
2.24909e-90
7.22168e-93
2.14278e-95
5.8542e-98
1.46661e-100
3.35296e-103
6.95603e-106
1.3008e-108
2.17518e-111
3.22081e-114
4.17193e-117
4.65459e-120
4.38278e-123
3.38696e-126
2.06268e-129
9.28294e-133
2.7448e-136
4e-140
0
0
0
0
0
0
0
0
0
0
0
0
0
0
0
0
0
0
0
0
0
0
0
0
0
0
0
0
0
1.24293
0.362687
0.0759283
0.0122066
0.00157771
0.000169318
1.54487e-05
1.22008e-06
8.45842e-08
5.20552e-09
2.87005e-10
1.42843e-11
6.45857e-13
2.66731e-14
1.01084e-15
3.52943e-17
1.13933e-18
3.41065e-20
9.49358e-22
2.46291e-23
5.96751e-25
1.35289e-26
2.87449e-28
5.73205e-30
1.07414e-31
1.89361e-33
3.1436e-35
4.91852e-37
7.25815e-39
1.01081e-40
1.32918e-42
1.651e-44
1.93774e-46
2.14944e-48
2.25367e-50
2.23362e-52
2.09248e-54
1.85262e-56
1.54983e-58
1.22466e-60
9.13689e-63
6.43289e-65
4.27138e-67
2.67279e-69
1.57479e-71
8.72797e-74
4.54511e-76
2.22106e-78
1.017e-80
4.3563e-83
1.74233e-85
6.49296e-88
2.24909e-90
7.22168e-93
2.14278e-95
5.8542e-98
1.46661e-100
3.35296e-103
6.95603e-106
1.3008e-108
2.17518e-111
3.22081e-114
4.17193e-117
4.65459e-120
4.38278e-123
3.38696e-126
2.06268e-129
9.28294e-133
2.7448e-136
4e-140
0
0
0
0
0
0
0
0
0
0
0
0
0
0
0
0
0
0
0
0
0
0
0
0
0
0
0
0
0
1.24293
0.362687
0.0759283
0.0122066
0.00157771
0.000169318
1.54487e-05
1.22008e-06
8.45841e-08
5.20551e-09
2.87004e-10
1.42842e-11
6.45856e-13
2.66731e-14
1.01084e-15
3.52943e-17
1.13933e-18
3.41065e-20
9.49357e-22
2.46291e-23
5.96751e-25
1.35289e-26
2.87449e-28
5.73205e-30
1.07414e-31
1.89361e-33
3.1436e-35
4.91852e-37
7.25815e-39
1.01081e-40
1.32918e-42
1.651e-44
1.93774e-46
2.14944e-48
2.25367e-50
2.23362e-52
2.09248e-54
1.85262e-56
1.54983e-58
1.22466e-60
9.13689e-63
6.43289e-65
4.27138e-67
2.67279e-69
1.57479e-71
8.72797e-74
4.54511e-76
2.22106e-78
1.017e-80
4.3563e-83
1.74233e-85
6.49296e-88
2.24909e-90
7.22168e-93
2.14278e-95
5.8542e-98
1.46661e-100
3.35296e-103
6.95603e-106
1.3008e-108
2.17518e-111
3.22081e-114
4.17193e-117
4.65459e-120
4.38278e-123
3.38696e-126
2.06268e-129
9.28294e-133
2.7448e-136
4e-140
0
0
0
0
0
0
0
0
0
0
0
0
0
0
0
0
0
0
0
0
0
0
0
0
0
0
0
0
0
1.24293
0.362684
0.0759274
0.0122065
0.00157768
0.000169315
1.54484e-05
1.22007e-06
8.45829e-08
5.20544e-09
2.87001e-10
1.42841e-11
6.45849e-13
2.66728e-14
1.01083e-15
3.5294e-17
1.13932e-18
3.41063e-20
9.49351e-22
2.46289e-23
5.96748e-25
1.35288e-26
2.87448e-28
5.73203e-30
1.07413e-31
1.89361e-33
3.14359e-35
4.91851e-37
7.25814e-39
1.01081e-40
1.32918e-42
1.651e-44
1.93774e-46
2.14943e-48
2.25367e-50
2.23362e-52
2.09248e-54
1.85262e-56
1.54983e-58
1.22466e-60
9.13688e-63
6.43289e-65
4.27138e-67
2.67279e-69
1.57479e-71
8.72797e-74
4.54511e-76
2.22105e-78
1.017e-80
4.3563e-83
1.74233e-85
6.49296e-88
2.24909e-90
7.22168e-93
2.14278e-95
5.8542e-98
1.46661e-100
3.35296e-103
6.95603e-106
1.3008e-108
2.17518e-111
3.22081e-114
4.17193e-117
4.65459e-120
4.38278e-123
3.38696e-126
2.06268e-129
9.28294e-133
2.7448e-136
4e-140
0
0
0
0
0
0
0
0
0
0
0
0
0
0
0
0
0
0
0
0
0
0
0
0
0
0
0
0
0
1.24288
0.362652
0.0759182
0.0122047
0.00157744
0.000169288
1.54459e-05
1.21987e-06
8.45696e-08
5.20465e-09
2.86958e-10
1.42821e-11
6.45763e-13
2.66695e-14
1.01071e-15
3.529e-17
1.1392e-18
3.41029e-20
9.49264e-22
2.46268e-23
5.96701e-25
1.35279e-26
2.87429e-28
5.73168e-30
1.07407e-31
1.89351e-33
3.14345e-35
4.9183e-37
7.25787e-39
1.01077e-40
1.32914e-42
1.65095e-44
1.93769e-46
2.14939e-48
2.25362e-50
2.23358e-52
2.09245e-54
1.8526e-56
1.54982e-58
1.22465e-60
9.13681e-63
6.43285e-65
4.27136e-67
2.67278e-69
1.57478e-71
8.72794e-74
4.5451e-76
2.22105e-78
1.017e-80
4.3563e-83
1.74233e-85
6.49295e-88
2.24909e-90
7.22167e-93
2.14278e-95
5.8542e-98
1.46661e-100
3.35296e-103
6.95603e-106
1.3008e-108
2.17518e-111
3.22081e-114
4.17193e-117
4.65459e-120
4.38278e-123
3.38696e-126
2.06268e-129
9.28294e-133
2.7448e-136
4e-140
0
0
0
0
0
0
0
0
0
0
0
0
0
0
0
0
0
0
0
0
0
0
0
0
0
0
0
0
0
1.24239
0.362346
0.0758317
0.0121886
0.00157518
0.000169035
1.54225e-05
1.21802e-06
8.44429e-08
5.19701e-09
2.86548e-10
1.42623e-11
6.44901e-13
2.66353e-14
1.00947e-15
3.52488e-17
1.13793e-18
3.40669e-20
9.48315e-22
2.46036e-23
5.9617e-25
1.35166e-26
2.87203e-28
5.72748e-30
1.07334e-31
1.89231e-33
3.14159e-35
4.91561e-37
7.2542e-39
1.0103e-40
1.32857e-42
1.65031e-44
1.937e-46
2.14869e-48
2.25296e-50
2.23299e-52
2.09195e-54
1.8522e-56
1.54952e-58
1.22444e-60
9.13544e-63
6.432e-65
4.27087e-67
2.67251e-69
1.57465e-71
8.72729e-74
4.54482e-76
2.22093e-78
1.01696e-80
4.35614e-83
1.74228e-85
6.4928e-88
2.24905e-90
7.22157e-93
2.14275e-95
5.85415e-98
1.4666e-100
3.35295e-103
6.95601e-106
1.3008e-108
2.17518e-111
3.22081e-114
4.17192e-117
4.65459e-120
4.38278e-123
3.38696e-126
2.06268e-129
9.28294e-133
2.7448e-136
4e-140
0
0
0
0
0
0
0
0
0
0
0
0
0
0
0
0
0
0
0
0
0
0
0
0
0
0
0
0
0
1.23824
0.359905
0.0751632
0.0120659
0.00155816
0.00016714
1.52465e-05
1.20406e-06
8.34799e-08
5.13842e-09
2.83371e-10
1.41074e-11
6.38065e-13
2.63605e-14
9.9936e-16
3.49067e-17
1.12726e-18
3.37585e-20
9.40048e-22
2.43974e-23
5.91375e-25
1.34124e-26
2.85086e-28
5.68717e-30
1.06614e-31
1.88023e-33
3.12255e-35
4.88737e-37
7.21477e-39
1.00512e-40
1.32214e-42
1.6428e-44
1.92874e-46
2.14011e-48
2.24457e-50
2.22524e-52
2.08521e-54
1.84668e-56
1.54526e-58
1.22134e-60
9.11426e-63
6.41839e-65
4.26265e-67
2.66786e-69
1.57218e-71
8.71504e-74
4.53913e-76
2.21847e-78
1.01597e-80
4.35243e-83
1.741e-85
6.4887e-88
2.24785e-90
7.21832e-93
2.14196e-95
5.85238e-98
1.46624e-100
3.35231e-103
6.95501e-106
1.30066e-108
2.17501e-111
3.22064e-114
4.17179e-117
4.6545e-120
4.38273e-123
3.38694e-126
2.06268e-129
9.28294e-133
2.7448e-136
4e-140
0
0
0
0
0
0
0
0
0
0
0
0
0
0
0
0
0
0
0
0
0
0
0
0
0
0
0
0
0
1.20797
0.344084
0.0710726
0.0113385
0.00145899
0.000156183
1.42319e-05
1.12347e-06
7.78947e-08
4.79633e-09
2.64663e-10
1.31862e-11
5.96947e-13
2.46871e-14
9.36967e-16
3.27663e-17
1.05946e-18
3.17695e-20
8.85852e-22
2.30225e-23
5.58837e-25
1.26926e-26
2.70181e-28
5.39778e-30
1.0134e-31
1.7899e-33
2.97704e-35
4.6667e-37
6.89954e-39
9.62673e-41
1.26825e-42
1.57826e-44
1.8558e-46
2.06233e-48
2.16629e-50
2.1509e-52
2.0186e-54
1.79037e-56
1.50038e-58
1.18763e-60
8.87563e-63
6.2594e-65
4.16302e-67
2.60918e-69
1.53974e-71
8.54691e-74
4.45755e-76
2.18147e-78
1.00031e-80
4.29074e-83
1.71842e-85
6.41216e-88
2.22388e-90
7.14929e-93
2.12373e-95
5.8085e-98
1.45666e-100
3.33346e-103
6.92186e-106
1.2955e-108
2.168e-111
3.21242e-114
4.16366e-117
4.64791e-120
4.37853e-123
3.38496e-126
2.06207e-129
9.282e-133
2.7448e-136
4e-140
0
0
0
0
0
0
0
0
0
0
0
0
0
0
0
0
0
0
0
0
0
0
0
0
0
0
0
0
0
1.01943
0.265312
0.0526139
0.00822145
0.00104596
0.000111258
1.01031e-05
7.96222e-07
5.51816e-08
3.39923e-09
1.87769e-10
9.36956e-12
4.24978e-13
1.76143e-14
6.7019e-16
2.35003e-17
7.62055e-19
2.29214e-20
6.41192e-22
1.67201e-23
4.07272e-25
9.28367e-27
1.98355e-28
3.97807e-30
7.49814e-32
1.32974e-33
2.22091e-35
3.49633e-37
5.19184e-39
7.27652e-41
9.63029e-43
1.20405e-44
1.42257e-46
1.58863e-48
1.67706e-50
1.67366e-52
1.5789e-54
1.40784e-56
1.18622e-58
9.44157e-61
7.096e-63
5.03323e-65
3.36722e-67
2.12309e-69
1.26057e-71
7.04099e-74
3.69556e-76
1.82033e-78
8.40246e-81
3.62855e-83
1.46325e-85
5.49846e-88
1.92069e-90
6.21985e-93
1.86145e-95
5.12998e-98
1.29651e-100
2.99053e-103
6.26008e-106
1.18133e-108
1.99361e-111
2.97945e-114
3.89564e-117
4.38772e-120
4.17125e-123
3.25486e-126
2.00173e-129
9.09817e-133
2.7172e-136
4e-140
0
0
0
0
0
0
0
0
0
0
0
0
0
0
0
0
0
0
0
0
0
0
0
0
0
0
0
0
0
