1.99222
1.97667
1.96111
1.94554
1.92996
1.91437
1.89876
1.88313
1.86747
1.85179
1.83608
1.82034
1.80456
1.78874
1.77287
1.75696
1.74099
1.72497
1.70889
1.69275
1.67654
1.66026
1.64391
1.62747
1.61095
1.59435
1.57765
1.56085
1.54396
1.52696
1.50984
1.49262
1.47528
1.45781
1.44022
1.42249
1.40464
1.38664
1.3685
1.35022
1.33179
1.3132
1.29447
1.27557
1.25652
1.23731
1.21793
1.19839
1.17869
1.15882
1.13879
1.11859
1.09823
1.07771
1.05702
1.03617
1.01517
0.994006
0.972689
0.951221
0.929603
0.907841
0.885936
0.863892
0.841714
0.819405
0.796969
0.774409
0.751732
0.728939
0.706037
0.683029
0.659919
0.636712
0.613412
0.590023
0.566551
0.542998
0.519368
0.495668
0.471899
0.448066
0.424173
0.400223
0.376222
0.352171
0.328074
0.303936
0.27976
0.255548
0.231304
0.207032
0.182735
0.158415
0.134076
0.10972
0.0853516
0.0609727
0.0365866
1.99222
1.97667
1.96111
1.94555
1.92997
1.91438
1.89878
1.88315
1.8675
1.85182
1.83612
1.82037
1.8046
1.78878
1.77292
1.75701
1.74105
1.72503
1.70896
1.69282
1.67661
1.66034
1.64399
1.62756
1.61104
1.59444
1.57775
1.56095
1.54406
1.52707
1.50996
1.49274
1.4754
1.45794
1.44035
1.42263
1.40477
1.38678
1.36865
1.35037
1.33194
1.31336
1.29462
1.27573
1.25668
1.23747
1.2181
1.19856
1.17886
1.15899
1.13896
1.11876
1.0984
1.07787
1.05718
1.03633
1.01533
0.99416
0.972841
0.951369
0.929749
0.907983
0.886074
0.864027
0.841845
0.819532
0.797091
0.774528
0.751846
0.72905
0.706143
0.68313
0.660016
0.636805
0.613501
0.590108
0.566631
0.543074
0.51944
0.495735
0.471963
0.448126
0.424229
0.400276
0.37627
0.352216
0.328116
0.303975
0.279795
0.25558
0.231333
0.207058
0.182757
0.158434
0.134092
0.109733
0.0853618
0.06098
0.0365909
1.99223
1.97668
1.96113
1.94557
1.93
1.91442
1.89882
1.8832
1.86755
1.85188
1.83618
1.82045
1.80468
1.78887
1.77301
1.75711
1.74116
1.72515
1.70908
1.69295
1.67675
1.66049
1.64414
1.62772
1.61122
1.59462
1.57794
1.56116
1.54427
1.52728
1.51019
1.49297
1.47564
1.45819
1.44061
1.4229
1.40505
1.38707
1.36894
1.35066
1.33224
1.31367
1.29494
1.27605
1.257
1.23779
1.21842
1.19889
1.17919
1.15932
1.13929
1.11909
1.09872
1.0782
1.0575
1.03665
1.01564
0.994469
0.973144
0.951667
0.93004
0.908267
0.886352
0.864297
0.842107
0.819786
0.797337
0.774766
0.752075
0.72927
0.706355
0.683333
0.66021
0.636991
0.613678
0.590276
0.566791
0.543226
0.519584
0.495871
0.47209
0.448246
0.424342
0.400381
0.376368
0.352307
0.3282
0.304052
0.279865
0.255643
0.23139
0.207109
0.182802
0.158472
0.134124
0.10976
0.0853823
0.0609946
0.0365997
1.99223
1.97669
1.96115
1.9456
1.93004
1.91447
1.89888
1.88327
1.86763
1.85197
1.83628
1.82056
1.8048
1.789
1.77316
1.75726
1.74132
1.72533
1.70927
1.69315
1.67697
1.66071
1.64438
1.62797
1.61148
1.5949
1.57823
1.56146
1.54459
1.52761
1.51053
1.49333
1.47601
1.45857
1.441
1.4233
1.40547
1.38749
1.36937
1.35111
1.3327
1.31413
1.29541
1.27653
1.25748
1.23828
1.21891
1.19938
1.17968
1.15981
1.13978
1.11958
1.09921
1.07868
1.05799
1.03713
1.01611
0.994933
0.9736
0.952114
0.930477
0.908694
0.886768
0.864702
0.842501
0.820167
0.797706
0.775122
0.752419
0.729601
0.706672
0.683638
0.660502
0.637269
0.613943
0.590529
0.567031
0.543453
0.5198
0.496075
0.472282
0.448426
0.42451
0.400539
0.376515
0.352443
0.328325
0.304167
0.27997
0.255739
0.231476
0.207185
0.182868
0.15853
0.134173
0.109799
0.085413
0.0610165
0.0366128
1.99224
1.97671
1.96118
1.94565
1.9301
1.91454
1.89896
1.88336
1.86774
1.85209
1.83642
1.82071
1.80496
1.78917
1.77335
1.75747
1.74154
1.72556
1.70952
1.69342
1.67725
1.66101
1.6447
1.62831
1.61183
1.59527
1.57861
1.56186
1.54501
1.52805
1.51099
1.4938
1.4765
1.45908
1.44153
1.42384
1.40602
1.38806
1.36996
1.35171
1.3333
1.31475
1.29604
1.27716
1.25813
1.23893
1.21957
1.20004
1.18034
1.16048
1.14044
1.12024
1.09987
1.07934
1.05863
1.03777
1.01674
0.995553
0.974209
0.952711
0.931062
0.909265
0.887324
0.865243
0.843026
0.820676
0.798199
0.775598
0.752877
0.730042
0.707096
0.684044
0.660891
0.63764
0.614297
0.590866
0.567351
0.543757
0.520087
0.496346
0.472537
0.448666
0.424735
0.400748
0.37671
0.352623
0.328492
0.30432
0.28011
0.255865
0.23159
0.207286
0.182957
0.158607
0.134237
0.109852
0.0854538
0.0610456
0.0366302
1.99225
1.97674
1.96122
1.9457
1.93017
1.91462
1.89906
1.88348
1.86787
1.85224
1.83658
1.82089
1.80516
1.78939
1.77358
1.75772
1.74182
1.72585
1.70983
1.69375
1.67761
1.66139
1.6451
1.62872
1.61227
1.59573
1.5791
1.56237
1.54554
1.5286
1.51156
1.4944
1.47712
1.45971
1.44218
1.42452
1.40672
1.38877
1.37069
1.35245
1.33407
1.31553
1.29682
1.27796
1.25894
1.23975
1.22039
1.20087
1.18117
1.16131
1.14127
1.12107
1.1007
1.08015
1.05944
1.03857
1.01753
0.99633
0.974972
0.953459
0.931793
0.909979
0.88802
0.86592
0.843683
0.821313
0.798815
0.776192
0.75345
0.730593
0.707625
0.684552
0.661376
0.638104
0.61474
0.591287
0.567751
0.544136
0.520445
0.496684
0.472856
0.448965
0.425015
0.40101
0.376953
0.352849
0.3287
0.304511
0.280284
0.256023
0.231732
0.207412
0.183068
0.158702
0.134318
0.109918
0.0855046
0.0610818
0.0366519
1.99225
1.97676
1.96127
1.94576
1.93025
1.91472
1.89918
1.88362
1.86803
1.85242
1.83678
1.82111
1.8054
1.78966
1.77387
1.75803
1.74215
1.72621
1.71021
1.69415
1.67803
1.66184
1.64557
1.62923
1.6128
1.59628
1.57968
1.56297
1.54617
1.52926
1.51224
1.49511
1.47785
1.46048
1.44297
1.42533
1.40755
1.38963
1.37157
1.35335
1.33498
1.31646
1.29777
1.27893
1.25991
1.24073
1.22138
1.20186
1.18217
1.16231
1.14227
1.12207
1.10169
1.08114
1.06042
1.03953
1.01848
0.997265
0.97589
0.954359
0.932674
0.910839
0.888857
0.866734
0.844473
0.822079
0.799555
0.776907
0.754139
0.731255
0.708261
0.685161
0.661959
0.638661
0.61527
0.591792
0.56823
0.54459
0.520874
0.497089
0.473237
0.449323
0.42535
0.401323
0.377244
0.353119
0.328949
0.304739
0.280493
0.256212
0.231901
0.207563
0.1832
0.158816
0.134414
0.109996
0.0855653
0.0611251
0.0366778
1.99227
1.9768
1.96132
1.94584
1.93035
1.91484
1.89932
1.88378
1.86822
1.85263
1.83701
1.82136
1.80568
1.78996
1.7742
1.75839
1.74253
1.72662
1.71065
1.69462
1.67852
1.66236
1.64612
1.62981
1.61341
1.59693
1.58035
1.56368
1.54691
1.53003
1.51304
1.49594
1.47872
1.46137
1.44389
1.42628
1.40853
1.39064
1.3726
1.3544
1.33606
1.31755
1.29889
1.28005
1.26106
1.24189
1.22255
1.20303
1.18335
1.16348
1.14345
1.12324
1.10285
1.08229
1.06156
1.04066
1.01959
0.99836
0.976966
0.955412
0.933704
0.911844
0.889837
0.867686
0.845397
0.822973
0.80042
0.777741
0.754942
0.732028
0.709002
0.685871
0.662638
0.639309
0.615888
0.592379
0.568788
0.545118
0.521374
0.49756
0.473681
0.449739
0.42574
0.401686
0.377583
0.353432
0.329238
0.305005
0.280735
0.256432
0.232098
0.207738
0.183354
0.158949
0.134525
0.110087
0.0856358
0.0611753
0.0367079
1.99228
1.97683
1.96138
1.94592
1.93046
1.91498
1.89948
1.88396
1.86843
1.85287
1.83728
1.82165
1.806
1.79031
1.77457
1.75879
1.74296
1.72708
1.71115
1.69515
1.67909
1.66296
1.64675
1.63047
1.61411
1.59766
1.58112
1.56449
1.54775
1.53091
1.51396
1.49689
1.4797
1.46239
1.44495
1.42737
1.40965
1.39179
1.37378
1.35561
1.33729
1.31881
1.30016
1.28135
1.26237
1.24321
1.22388
1.20438
1.18469
1.16483
1.14479
1.12458
1.10419
1.08362
1.06287
1.04196
1.02087
0.999617
0.9782
0.956621
0.934886
0.912997
0.890959
0.868777
0.846455
0.823998
0.80141
0.778696
0.755862
0.732911
0.70985
0.686683
0.663414
0.64005
0.616593
0.59305
0.569424
0.545721
0.521944
0.498097
0.474186
0.450213
0.426184
0.4021
0.377968
0.353789
0.329567
0.305307
0.28101
0.256681
0.232322
0.207937
0.183528
0.159099
0.134652
0.11019
0.0857159
0.0612324
0.0367421
1.99229
1.97687
1.96145
1.94602
1.93058
1.91512
1.89966
1.88417
1.86866
1.85313
1.83757
1.82198
1.80636
1.79069
1.77499
1.75924
1.74345
1.7276
1.7117
1.69574
1.67972
1.66363
1.64746
1.63122
1.6149
1.59849
1.58199
1.5654
1.5487
1.5319
1.51499
1.49796
1.48082
1.46354
1.44614
1.4286
1.41092
1.39309
1.37511
1.35698
1.33868
1.32023
1.30161
1.28282
1.26385
1.24471
1.22539
1.2059
1.18622
1.16636
1.14632
1.1261
1.1057
1.08512
1.06436
1.04342
1.02232
1.00104
0.979594
0.957987
0.93622
0.914299
0.892226
0.870008
0.847648
0.825153
0.802525
0.779771
0.756897
0.733906
0.710804
0.687596
0.664287
0.640882
0.617386
0.593803
0.570139
0.546397
0.522583
0.4987
0.474752
0.450745
0.426681
0.402564
0.378399
0.354188
0.329936
0.305645
0.281318
0.25696
0.232573
0.20816
0.183724
0.159267
0.134794
0.110306
0.0858055
0.0612962
0.0367803
1.99231
1.97692
1.96152
1.94612
1.93071
1.91529
1.89985
1.8844
1.86892
1.85342
1.83789
1.82234
1.80675
1.79112
1.77546
1.75975
1.74399
1.72818
1.71232
1.6964
1.68042
1.66437
1.64825
1.63205
1.61577
1.59941
1.58295
1.56641
1.54976
1.533
1.51614
1.49916
1.48205
1.46483
1.44746
1.42997
1.41233
1.39454
1.3766
1.3585
1.34024
1.32182
1.30322
1.28445
1.26551
1.24639
1.22708
1.2076
1.18792
1.16807
1.14803
1.1278
1.10739
1.08679
1.06602
1.04506
1.02393
1.00263
0.981152
0.959512
0.93771
0.915751
0.89364
0.87138
0.848978
0.826439
0.803767
0.780968
0.758048
0.735011
0.711863
0.68861
0.665255
0.641805
0.618264
0.594638
0.57093
0.547146
0.52329
0.499366
0.475379
0.451333
0.427231
0.403077
0.378875
0.354629
0.330342
0.306018
0.281659
0.257268
0.232849
0.208406
0.183939
0.159453
0.13495
0.110433
0.0859042
0.0613665
0.0368225
1.99232
1.97696
1.9616
1.94624
1.93086
1.91547
1.90007
1.88465
1.8692
1.85374
1.83825
1.82273
1.80718
1.79159
1.77596
1.76029
1.74458
1.72882
1.713
1.69712
1.68118
1.66518
1.64911
1.63296
1.61673
1.60041
1.58401
1.56751
1.55092
1.53421
1.5174
1.50047
1.48342
1.46624
1.44893
1.43148
1.41388
1.39614
1.37824
1.36018
1.34196
1.32357
1.30501
1.28627
1.26735
1.24825
1.22896
1.20948
1.18982
1.16996
1.14992
1.12968
1.10926
1.08865
1.06786
1.04688
1.02572
1.00438
0.982876
0.961199
0.939358
0.917356
0.895201
0.872895
0.850446
0.827857
0.805136
0.782287
0.759315
0.736228
0.713029
0.689724
0.666319
0.642819
0.619229
0.595554
0.571798
0.547967
0.524065
0.500097
0.476065
0.451976
0.427832
0.403638
0.379396
0.355111
0.330787
0.306425
0.28203
0.257604
0.233151
0.208674
0.184174
0.159656
0.135121
0.110572
0.0860119
0.0614432
0.0368684
1.99234
1.97702
1.96169
1.94636
1.93102
1.91567
1.9003
1.88491
1.86951
1.85409
1.83863
1.82315
1.80764
1.7921
1.77651
1.76089
1.74522
1.7295
1.71373
1.6979
1.68202
1.66606
1.65004
1.63394
1.61777
1.60151
1.58516
1.56872
1.55218
1.53554
1.51878
1.50191
1.48491
1.46779
1.45053
1.43313
1.41559
1.3979
1.38005
1.36203
1.34385
1.3255
1.30697
1.28826
1.26937
1.25029
1.23102
1.21155
1.1919
1.17205
1.152
1.13176
1.11132
1.0907
1.06988
1.04887
1.02769
1.00632
0.984769
0.96305
0.941164
0.919116
0.896911
0.874554
0.852052
0.829409
0.806632
0.783727
0.7607
0.737555
0.7143
0.690939
0.667478
0.643923
0.620279
0.59655
0.572742
0.548859
0.524907
0.500889
0.47681
0.452674
0.428484
0.404245
0.37996
0.355634
0.331268
0.306866
0.282432
0.257968
0.233478
0.208964
0.184428
0.159875
0.135305
0.110722
0.0861283
0.0615262
0.0369181
1.99236
1.97707
1.96179
1.94649
1.93119
1.91587
1.90055
1.8852
1.86984
1.85446
1.83905
1.82361
1.80814
1.79264
1.77711
1.76153
1.74591
1.73024
1.71452
1.69875
1.68291
1.66702
1.65105
1.63501
1.6189
1.6027
1.58641
1.57003
1.55355
1.53697
1.52028
1.50347
1.48653
1.46947
1.45227
1.43494
1.41745
1.39981
1.38201
1.36405
1.34592
1.32761
1.30912
1.29044
1.27158
1.25252
1.23327
1.21382
1.19417
1.17432
1.15427
1.13403
1.11358
1.09293
1.07209
1.05105
1.02983
1.00842
0.986834
0.965069
0.943134
0.921033
0.898773
0.876359
0.853798
0.831095
0.808257
0.78529
0.762201
0.738994
0.715676
0.692254
0.668732
0.645116
0.621412
0.597625
0.57376
0.549821
0.525814
0.501743
0.477612
0.453425
0.429186
0.404899
0.380567
0.356195
0.331784
0.30734
0.282863
0.258359
0.233828
0.209275
0.184701
0.160109
0.135503
0.110883
0.086253
0.061615
0.0369713
1.99238
1.97713
1.96189
1.94663
1.93137
1.9161
1.90081
1.88551
1.87019
1.85485
1.83949
1.8241
1.80868
1.79322
1.77774
1.76221
1.74664
1.73103
1.71537
1.69965
1.68387
1.66804
1.65213
1.63616
1.62011
1.60397
1.58775
1.57144
1.55503
1.53851
1.52189
1.50515
1.48828
1.47129
1.45416
1.43688
1.41946
1.40188
1.38415
1.36624
1.34816
1.32989
1.31145
1.29281
1.27398
1.25495
1.23572
1.21629
1.19665
1.1768
1.15675
1.13649
1.11603
1.09536
1.07449
1.05342
1.03216
1.01071
0.989075
0.967259
0.945268
0.923109
0.900788
0.878311
0.855685
0.832916
0.810011
0.786976
0.763818
0.740543
0.717158
0.693668
0.670079
0.646398
0.622629
0.598779
0.574851
0.550852
0.526786
0.502657
0.478469
0.454227
0.429935
0.405596
0.381215
0.356793
0.332336
0.307845
0.283323
0.258775
0.234201
0.209606
0.184991
0.160359
0.135713
0.111054
0.0863858
0.0617096
0.037028
1.9924
1.9772
1.96199
1.94678
1.93156
1.91633
1.90109
1.88583
1.87056
1.85527
1.83995
1.82461
1.80924
1.79384
1.77841
1.76294
1.74743
1.73187
1.71626
1.70061
1.6849
1.66912
1.65329
1.63738
1.6214
1.60533
1.58918
1.57294
1.55661
1.54017
1.52362
1.50695
1.49016
1.47324
1.45618
1.43898
1.42163
1.40412
1.38645
1.3686
1.35057
1.33237
1.31397
1.29537
1.27658
1.25758
1.23838
1.21896
1.19933
1.17949
1.15943
1.13916
1.11868
1.09799
1.07709
1.05599
1.03468
1.01318
0.991495
0.969622
0.947571
0.925348
0.902959
0.880413
0.857716
0.834874
0.811895
0.788786
0.765553
0.742203
0.718744
0.695181
0.67152
0.647767
0.623928
0.600009
0.576015
0.55195
0.52782
0.503629
0.479381
0.45508
0.430731
0.406337
0.381902
0.357428
0.33292
0.30838
0.283811
0.259215
0.234597
0.209957
0.185298
0.160624
0.135936
0.111236
0.0865263
0.0618097
0.0370879
1.99242
1.97726
1.9621
1.94694
1.93176
1.91658
1.90139
1.88618
1.87095
1.85571
1.84044
1.82515
1.80984
1.79449
1.77912
1.7637
1.74825
1.73276
1.71722
1.70162
1.68598
1.67028
1.65451
1.63867
1.62277
1.60678
1.59071
1.57455
1.55829
1.54193
1.52546
1.50888
1.49217
1.47533
1.45835
1.44123
1.42396
1.40652
1.38892
1.37114
1.35318
1.33503
1.31668
1.29813
1.27938
1.26042
1.24124
1.22184
1.20223
1.18239
1.16233
1.14205
1.12155
1.10083
1.0799
1.05875
1.0374
1.01585
0.9941
0.972164
0.950045
0.927751
0.905289
0.882666
0.85989
0.836968
0.813909
0.790718
0.767404
0.743974
0.720434
0.696791
0.673052
0.649222
0.625308
0.601315
0.577248
0.553113
0.528915
0.504657
0.480345
0.455982
0.431572
0.40712
0.382627
0.358098
0.333536
0.308944
0.284324
0.25968
0.235013
0.210326
0.185622
0.160902
0.13617
0.111426
0.0866741
0.0619149
0.0371509
1.99244
1.97733
1.96222
1.9471
1.93198
1.91684
1.90169
1.88654
1.87136
1.85617
1.84096
1.82572
1.81046
1.79518
1.77986
1.76451
1.74912
1.73369
1.71822
1.70269
1.68712
1.67149
1.6558
1.64004
1.62421
1.60831
1.59232
1.57625
1.56008
1.5438
1.52742
1.51093
1.49431
1.47756
1.46067
1.44363
1.42644
1.40909
1.39156
1.37386
1.35597
1.33788
1.3196
1.3011
1.2824
1.26347
1.24432
1.22495
1.20534
1.18551
1.16545
1.14515
1.12463
1.10388
1.08291
1.06172
1.04032
1.01871
0.996894
0.974888
0.952695
0.930323
0.907779
0.885072
0.86221
0.839201
0.816053
0.792774
0.769372
0.745854
0.722227
0.698498
0.674674
0.650761
0.626766
0.602694
0.57855
0.55434
0.530069
0.505741
0.48136
0.456931
0.432457
0.407942
0.383389
0.358802
0.334183
0.309536
0.284863
0.260166
0.235449
0.210713
0.18596
0.161194
0.136415
0.111626
0.0868287
0.0620251
0.0372168
1.99247
1.97741
1.96234
1.94727
1.9322
1.91711
1.90202
1.88691
1.87179
1.85665
1.8415
1.82632
1.81112
1.79589
1.78064
1.76535
1.75003
1.73467
1.71927
1.70382
1.68832
1.67277
1.65716
1.64148
1.62574
1.60992
1.59403
1.57804
1.56196
1.54579
1.5295
1.5131
1.49658
1.47993
1.46313
1.44619
1.42909
1.41183
1.39439
1.37677
1.35895
1.34094
1.32272
1.30428
1.28563
1.26675
1.24763
1.22828
1.20869
1.18886
1.1688
1.14849
1.12794
1.10716
1.08614
1.0649
1.04344
1.02177
0.999883
0.977799
0.955524
0.933065
0.910432
0.887633
0.864677
0.841573
0.818329
0.794954
0.771456
0.747842
0.724121
0.7003
0.676385
0.652383
0.628301
0.604145
0.579919
0.555629
0.53128
0.506877
0.482423
0.457924
0.433382
0.408801
0.384185
0.359537
0.334858
0.310154
0.285425
0.260674
0.235903
0.211116
0.186313
0.161498
0.13667
0.111834
0.0869898
0.0621397
0.0372855
1.99249
1.97748
1.96247
1.94745
1.93242
1.91739
1.90235
1.8873
1.87223
1.85715
1.84205
1.82694
1.8118
1.79664
1.78145
1.76623
1.75098
1.73569
1.72036
1.70499
1.68957
1.6741
1.65858
1.64299
1.62734
1.61162
1.59581
1.57993
1.56395
1.54788
1.53169
1.5154
1.49898
1.48243
1.46574
1.4489
1.43191
1.41474
1.3974
1.37987
1.36214
1.34421
1.32606
1.30769
1.28909
1.27025
1.25117
1.23185
1.21228
1.19246
1.17238
1.15206
1.13148
1.11067
1.08961
1.06831
1.04678
1.02503
1.00307
0.980902
0.958536
0.935983
0.913252
0.890352
0.867293
0.844085
0.820736
0.797257
0.773654
0.749938
0.726116
0.702195
0.678183
0.654086
0.629911
0.605664
0.581351
0.556976
0.532546
0.508063
0.483533
0.458959
0.434346
0.409696
0.385014
0.360301
0.33556
0.310795
0.286008
0.261201
0.236375
0.211534
0.186679
0.161812
0.136935
0.112049
0.0871567
0.0622586
0.0373566
1.99252
1.97756
1.9626
1.94763
1.93266
1.91768
1.9027
1.8877
1.87269
1.85767
1.84263
1.82758
1.8125
1.79741
1.78229
1.76714
1.75196
1.73675
1.7215
1.70621
1.69088
1.67549
1.66006
1.64457
1.62901
1.61339
1.59769
1.58191
1.56604
1.55007
1.534
1.51782
1.50151
1.48508
1.4685
1.45178
1.43489
1.41783
1.40059
1.38316
1.36553
1.34769
1.32962
1.31132
1.29278
1.274
1.25496
1.23567
1.21612
1.1963
1.17622
1.15588
1.13528
1.11441
1.0933
1.07194
1.05034
1.02852
1.00646
0.984202
0.961736
0.939078
0.916239
0.893229
0.870058
0.846736
0.823274
0.799682
0.775967
0.75214
0.728209
0.704182
0.680065
0.655867
0.631593
0.607251
0.582844
0.55838
0.533863
0.509297
0.484686
0.460035
0.435347
0.410625
0.385872
0.361092
0.336287
0.31146
0.286612
0.261745
0.236863
0.211967
0.187058
0.162138
0.137209
0.112272
0.0873289
0.0623812
0.0374301
1.99255
1.97764
1.96273
1.94782
1.9329
1.91798
1.90305
1.88811
1.87316
1.8582
1.84323
1.82824
1.81323
1.7982
1.78315
1.76808
1.75297
1.73784
1.72268
1.70747
1.69223
1.67694
1.6616
1.64621
1.63075
1.61523
1.59964
1.58397
1.56822
1.55237
1.53642
1.52036
1.50418
1.48787
1.47141
1.45481
1.43805
1.42111
1.40398
1.38666
1.36913
1.35139
1.33341
1.31519
1.29672
1.278
1.25901
1.23975
1.22022
1.20041
1.18032
1.15996
1.13932
1.11842
1.09724
1.07582
1.05414
1.03222
1.01007
0.987704
0.965128
0.942356
0.919398
0.896267
0.872973
0.849529
0.825944
0.802228
0.778393
0.754447
0.730399
0.706257
0.682029
0.657723
0.633344
0.6089
0.584396
0.559837
0.535229
0.510575
0.48588
0.461147
0.436381
0.411584
0.386759
0.361909
0.337037
0.312144
0.287233
0.262306
0.237365
0.212411
0.187446
0.162472
0.13749
0.112501
0.087506
0.0625072
0.0375055
1.99257
1.97772
1.96287
1.94801
1.93315
1.91829
1.90342
1.88854
1.87365
1.85875
1.84384
1.82892
1.81398
1.79902
1.78404
1.76904
1.75402
1.73897
1.72389
1.70878
1.69363
1.67843
1.66319
1.6479
1.63256
1.61715
1.60168
1.58613
1.57049
1.55477
1.53895
1.52302
1.50697
1.49079
1.47448
1.45801
1.44137
1.42457
1.40757
1.39037
1.37296
1.35532
1.33744
1.31931
1.30092
1.28226
1.26333
1.24411
1.2246
1.2048
1.1847
1.16432
1.14364
1.12268
1.10144
1.07994
1.05817
1.03615
1.0139
0.991414
0.968717
0.945818
0.92273
0.899467
0.87604
0.852461
0.828743
0.804895
0.78093
0.756855
0.732682
0.708418
0.684072
0.659651
0.635161
0.61061
0.586002
0.561344
0.53664
0.511894
0.487111
0.462293
0.437446
0.41257
0.38767
0.362748
0.337806
0.312847
0.287871
0.262882
0.23788
0.212867
0.187845
0.162815
0.137778
0.112735
0.0876872
0.0626362
0.0375827
1.9926
1.97781
1.96301
1.94821
1.93341
1.9186
1.90379
1.88897
1.87414
1.85931
1.84446
1.82961
1.81474
1.79986
1.78496
1.77004
1.7551
1.74013
1.72514
1.71012
1.69506
1.67997
1.66484
1.64966
1.63443
1.61914
1.60379
1.58836
1.57286
1.55727
1.54159
1.5258
1.50989
1.49386
1.47769
1.46137
1.44488
1.42821
1.41136
1.39429
1.37701
1.35949
1.34172
1.32369
1.30539
1.28681
1.26793
1.24875
1.22927
1.20947
1.18937
1.16896
1.14824
1.12722
1.10591
1.08432
1.06245
1.04033
1.01795
0.995338
0.972507
0.949469
0.926239
0.902831
0.879258
0.855534
0.831671
0.807681
0.783575
0.759363
0.735056
0.710662
0.68619
0.661647
0.63704
0.612376
0.587659
0.562897
0.538092
0.513251
0.488375
0.46347
0.438538
0.413582
0.388604
0.363607
0.338594
0.313565
0.288523
0.263469
0.238405
0.213332
0.188251
0.163164
0.138071
0.112973
0.0878719
0.0627677
0.0376614
1.99263
1.97789
1.96315
1.94841
1.93366
1.91892
1.90417
1.88941
1.87465
1.85988
1.8451
1.83031
1.81552
1.80071
1.78589
1.77105
1.75619
1.74132
1.72642
1.71149
1.69654
1.68155
1.66653
1.65146
1.63635
1.62119
1.60596
1.59068
1.57531
1.55987
1.54433
1.52869
1.51294
1.49707
1.48105
1.46489
1.44856
1.43205
1.41535
1.39843
1.38129
1.36391
1.34626
1.32835
1.31014
1.29164
1.27283
1.2537
1.23424
1.21446
1.19435
1.17391
1.15314
1.13206
1.11067
1.08898
1.067
1.04475
1.02224
0.999483
0.976503
0.953312
0.929926
0.906359
0.882628
0.858745
0.834726
0.810582
0.786325
0.761967
0.737517
0.712984
0.688379
0.663707
0.638976
0.614193
0.589363
0.564491
0.539583
0.514641
0.48967
0.464674
0.439654
0.414614
0.389557
0.364483
0.339396
0.314297
0.289187
0.264067
0.23894
0.213805
0.188665
0.163519
0.138369
0.113216
0.0880595
0.0629012
0.0377413
1.99266
1.97798
1.96329
1.94861
1.93393
1.91924
1.90455
1.88985
1.87516
1.86045
1.84575
1.83103
1.81631
1.80158
1.78683
1.77208
1.75731
1.74253
1.72772
1.7129
1.69805
1.68317
1.66826
1.65332
1.63833
1.6233
1.60821
1.59306
1.57785
1.56255
1.54718
1.5317
1.51611
1.50041
1.48457
1.46858
1.45242
1.43609
1.41955
1.4028
1.38582
1.36858
1.35108
1.33329
1.31519
1.29679
1.27805
1.25897
1.23955
1.21978
1.19966
1.17918
1.15836
1.13721
1.11572
1.09392
1.07181
1.04942
1.02677
1.00386
0.980711
0.957351
0.933792
0.910053
0.886148
0.862094
0.837905
0.813596
0.789177
0.764661
0.740059
0.71538
0.690633
0.665826
0.640965
0.616057
0.591108
0.566123
0.541106
0.516061
0.490991
0.4659
0.440791
0.415665
0.390525
0.365373
0.340211
0.315039
0.289859
0.264673
0.239481
0.214284
0.189083
0.163878
0.138671
0.113461
0.0882493
0.0630362
0.0378221
1.99269
1.97806
1.96344
1.94881
1.93419
1.91956
1.90493
1.8903
1.87567
1.86104
1.8464
1.83176
1.81711
1.80245
1.78779
1.77312
1.75845
1.74375
1.72905
1.71433
1.69959
1.68482
1.67003
1.65521
1.64036
1.62546
1.61052
1.59552
1.58046
1.56533
1.55012
1.53482
1.51941
1.50389
1.48823
1.47243
1.45647
1.44032
1.42397
1.40741
1.3906
1.37353
1.35618
1.33853
1.32056
1.30226
1.28361
1.26459
1.24521
1.22545
1.20531
1.1848
1.16392
1.14268
1.12109
1.09916
1.07692
1.05437
1.03155
1.00846
0.985135
0.961588
0.93784
0.913911
0.889818
0.865578
0.841206
0.816718
0.792126
0.767443
0.742679
0.717845
0.692948
0.667998
0.643001
0.617963
0.59289
0.567786
0.542657
0.517505
0.492333
0.467145
0.441943
0.41673
0.391506
0.366274
0.341034
0.315789
0.290539
0.265285
0.240028
0.214767
0.189505
0.164241
0.138975
0.113708
0.0884404
0.0631722
0.0379035
1.99272
1.97815
1.96359
1.94902
1.93445
1.91989
1.90532
1.89076
1.87619
1.86162
1.84705
1.83249
1.81791
1.80334
1.78876
1.77418
1.75959
1.745
1.73039
1.71577
1.70114
1.6865
1.67183
1.65714
1.64242
1.62767
1.61288
1.59804
1.58314
1.56818
1.55315
1.53803
1.52282
1.5075
1.49204
1.47645
1.46069
1.44475
1.42861
1.41225
1.39564
1.37875
1.36158
1.34409
1.32626
1.30808
1.28952
1.27058
1.25124
1.2315
1.21135
1.19079
1.16984
1.1485
1.12679
1.10473
1.08232
1.0596
1.03659
1.01331
0.989779
0.966025
0.94207
0.917933
0.893635
0.869192
0.844624
0.819944
0.795167
0.770305
0.745369
0.720371
0.695317
0.670217
0.645078
0.619904
0.594702
0.569476
0.54423
0.518968
0.493692
0.468404
0.443108
0.417804
0.392495
0.367181
0.341864
0.316544
0.291223
0.2659
0.240577
0.215253
0.189928
0.164604
0.13928
0.113956
0.0886322
0.0633086
0.0379851
1.99275
1.97824
1.96373
1.94922
1.93472
1.92021
1.90571
1.89121
1.87671
1.86221
1.84771
1.83322
1.81872
1.80423
1.78973
1.77524
1.76074
1.74625
1.73174
1.71724
1.70272
1.68819
1.67366
1.6591
1.64452
1.62992
1.61528
1.60061
1.58589
1.57111
1.55627
1.54135
1.52634
1.51123
1.496
1.48063
1.4651
1.44939
1.43348
1.41734
1.40095
1.38427
1.3673
1.34999
1.33232
1.31428
1.29583
1.27697
1.25768
1.23795
1.21778
1.19718
1.17615
1.1547
1.13285
1.11062
1.08804
1.06512
1.0419
1.0184
0.994647
0.970665
0.946481
0.922117
0.897595
0.872934
0.848153
0.823267
0.798292
0.77324
0.748123
0.722951
0.697733
0.672476
0.647188
0.621874
0.596538
0.571186
0.54582
0.520445
0.495061
0.469672
0.44428
0.418885
0.393488
0.368092
0.342696
0.317301
0.291908
0.266516
0.241126
0.215738
0.190352
0.164968
0.139585
0.114204
0.0888238
0.0634449
0.0380666
1.99277
1.97832
1.96388
1.94943
1.93498
1.92054
1.9061
1.89166
1.87723
1.86279
1.84837
1.83395
1.81953
1.80512
1.79071
1.7763
1.7619
1.7475
1.7331
1.71871
1.70431
1.6899
1.6755
1.66108
1.64665
1.6322
1.61773
1.60323
1.58869
1.5741
1.55946
1.54476
1.52997
1.51509
1.50009
1.48497
1.46969
1.45423
1.43857
1.42268
1.40653
1.3901
1.37334
1.35624
1.33876
1.32087
1.30255
1.28378
1.26455
1.24484
1.22466
1.204
1.18287
1.1613
1.13929
1.11688
1.09409
1.07095
1.04749
1.02375
0.999742
0.975508
0.951072
0.926459
0.901694
0.876796
0.851786
0.82668
0.801494
0.776241
0.750932
0.725578
0.700187
0.674767
0.649324
0.623864
0.598391
0.572909
0.547421
0.521929
0.496436
0.470944
0.445454
0.419966
0.394482
0.369003
0.343527
0.318057
0.292591
0.26713
0.241674
0.216222
0.190774
0.16533
0.139889
0.11445
0.0890144
0.0635804
0.0381477
1.9928
1.97841
1.96402
1.94963
1.93524
1.92086
1.90648
1.89211
1.87774
1.86338
1.84902
1.83467
1.82033
1.806
1.79168
1.77736
1.76305
1.74875
1.73446
1.72018
1.7059
1.69162
1.67735
1.66307
1.64879
1.6345
1.6202
1.60588
1.59153
1.57715
1.56273
1.54825
1.53369
1.51906
1.50432
1.48946
1.47445
1.45927
1.44389
1.42828
1.41241
1.39624
1.37974
1.36287
1.3456
1.3279
1.30972
1.29107
1.2719
1.25221
1.23201
1.21128
1.19004
1.16832
1.14614
1.12351
1.10049
1.0771
1.05337
1.02935
1.00507
0.980553
0.955839
0.930955
0.905924
0.880771
0.855514
0.830173
0.804763
0.779297
0.753786
0.728241
0.70267
0.677081
0.651478
0.625867
0.600253
0.574638
0.549024
0.523415
0.497811
0.472214
0.446625
0.421044
0.395472
0.369908
0.344354
0.318808
0.29327
0.26774
0.242217
0.216702
0.191192
0.165688
0.140189
0.114694
0.0892032
0.0637146
0.038228
1.99283
1.9785
1.96416
1.94983
1.9355
1.92118
1.90686
1.89255
1.87824
1.86395
1.84967
1.83539
1.82113
1.80688
1.79264
1.77841
1.7642
1.75
1.73582
1.72164
1.70748
1.69334
1.6792
1.66507
1.65094
1.63682
1.62269
1.60856
1.59441
1.58025
1.56605
1.5518
1.5375
1.52313
1.50867
1.49409
1.47938
1.46451
1.44944
1.43415
1.41859
1.40272
1.38651
1.36991
1.35288
1.33539
1.31739
1.29885
1.27976
1.26011
1.23987
1.21907
1.19771
1.17581
1.15342
1.13055
1.10726
1.08358
1.05955
1.03522
1.01062
0.985797
0.960778
0.935596
0.910278
0.884848
0.859328
0.833736
0.808088
0.782397
0.756674
0.73093
0.705173
0.679407
0.65364
0.627875
0.602116
0.576364
0.550624
0.524895
0.499179
0.473476
0.447788
0.422113
0.396453
0.370806
0.345172
0.31955
0.293941
0.268342
0.242754
0.217175
0.191605
0.166042
0.140486
0.114935
0.0893892
0.0638469
0.0383071
1.99286
1.97858
1.9643
1.95002
1.93575
1.92149
1.90723
1.89298
1.87874
1.86452
1.8503
1.8361
1.82191
1.80774
1.79359
1.77945
1.76533
1.75123
1.73716
1.7231
1.70906
1.69504
1.68104
1.66706
1.65309
1.63914
1.6252
1.61126
1.59732
1.58337
1.56941
1.55542
1.54138
1.52729
1.51313
1.49887
1.48448
1.46995
1.45522
1.44028
1.42506
1.40954
1.39366
1.37737
1.36063
1.34338
1.32558
1.3072
1.2882
1.26857
1.24831
1.22741
1.2059
1.18381
1.16116
1.13802
1.11441
1.0904
1.06603
1.04135
1.0164
0.991235
0.96588
0.940373
0.914743
0.889016
0.863213
0.837355
0.811455
0.785528
0.759585
0.733634
0.707682
0.681736
0.6558
0.629877
0.60397
0.578081
0.552212
0.526362
0.500533
0.474725
0.448937
0.423169
0.39742
0.37169
0.345977
0.320281
0.2946
0.268934
0.243281
0.21764
0.19201
0.166389
0.140777
0.115171
0.0895717
0.0639766
0.0383847
1.99289
1.97866
1.96444
1.95021
1.936
1.92179
1.90759
1.89341
1.87923
1.86507
1.85092
1.83679
1.82268
1.80859
1.79452
1.78047
1.76644
1.75245
1.73847
1.72453
1.71061
1.69673
1.68287
1.66903
1.65523
1.64145
1.62769
1.61395
1.60023
1.58651
1.5728
1.55907
1.54532
1.53153
1.51769
1.50376
1.48973
1.47557
1.46123
1.44667
1.43185
1.41672
1.40122
1.38529
1.36888
1.35192
1.33436
1.31615
1.29727
1.27768
1.25738
1.23637
1.21468
1.19235
1.16942
1.14594
1.12198
1.09758
1.07282
1.04775
1.02241
0.99686
0.971135
0.945273
0.919305
0.893259
0.867155
0.841014
0.81485
0.788676
0.762503
0.736337
0.710186
0.684055
0.657946
0.631862
0.605806
0.579778
0.553779
0.527809
0.501867
0.475953
0.450066
0.424205
0.398369
0.372556
0.346766
0.320996
0.295245
0.269513
0.243796
0.218094
0.192405
0.166728
0.14106
0.115402
0.0897496
0.0641031
0.0384603
1.99291
1.97874
1.96457
1.9504
1.93624
1.92209
1.90795
1.89382
1.8797
1.8656
1.85152
1.83746
1.82343
1.80941
1.79542
1.78146
1.76753
1.75363
1.73977
1.72594
1.71214
1.69838
1.68466
1.67098
1.65734
1.64374
1.63017
1.61663
1.60313
1.58965
1.57619
1.56275
1.54929
1.53583
1.52232
1.50877
1.49512
1.48136
1.46745
1.45333
1.43896
1.42427
1.40921
1.3937
1.37768
1.36106
1.34378
1.32579
1.30704
1.28749
1.26715
1.24601
1.22411
1.20149
1.17821
1.15435
1.12997
1.10513
1.07993
1.05441
1.02863
1.00266
0.976527
0.950279
0.923947
0.897558
0.871135
0.844696
0.818255
0.791824
0.765412
0.739026
0.712671
0.68635
0.660066
0.633821
0.607614
0.581447
0.555318
0.529227
0.503173
0.477154
0.451169
0.425216
0.399294
0.373401
0.347534
0.321692
0.295873
0.270075
0.244296
0.218535
0.192789
0.167057
0.141336
0.115625
0.0899222
0.0642257
0.0385336
1.99294
1.97881
1.96469
1.95058
1.93647
1.92237
1.90829
1.89422
1.88016
1.86612
1.85211
1.83812
1.82415
1.81021
1.7963
1.78243
1.76859
1.75479
1.74102
1.7273
1.71363
1.7
1.68642
1.67289
1.65941
1.64599
1.63261
1.61929
1.60601
1.59278
1.57958
1.56642
1.55329
1.54016
1.52702
1.51385
1.50063
1.48731
1.47387
1.46024
1.44637
1.4322
1.41765
1.40263
1.38706
1.37086
1.35393
1.33619
1.3176
1.29811
1.27771
1.25641
1.23425
1.21129
1.1876
1.16328
1.1384
1.11306
1.08734
1.06132
1.03506
1.00861
0.982035
0.955369
0.928645
0.901892
0.875131
0.848379
0.82165
0.794953
0.768296
0.741685
0.715122
0.688609
0.662149
0.63574
0.609383
0.583077
0.556819
0.530609
0.504443
0.478321
0.45224
0.426197
0.400191
0.374218
0.348277
0.322365
0.296479
0.270618
0.244779
0.218961
0.193159
0.167374
0.141601
0.11584
0.0900886
0.0643439
0.0386043
1.99296
1.97889
1.96481
1.95075
1.93669
1.92265
1.90861
1.8946
1.8806
1.86662
1.85267
1.83874
1.82484
1.81098
1.79715
1.78336
1.76961
1.7559
1.74224
1.72863
1.71507
1.70157
1.68813
1.67475
1.66144
1.64819
1.635
1.62189
1.60884
1.59586
1.58294
1.57008
1.55727
1.54449
1.53174
1.519
1.50622
1.49339
1.48047
1.46739
1.45409
1.44051
1.42654
1.41211
1.39709
1.38138
1.36487
1.34746
1.32907
1.30964
1.28917
1.26767
1.24519
1.22181
1.19763
1.17276
1.1473
1.12137
1.09507
1.06847
1.04166
1.0147
0.987635
0.960516
0.933373
0.906234
0.879118
0.85204
0.825013
0.798042
0.771135
0.744294
0.717521
0.690816
0.664179
0.637608
0.611102
0.584658
0.558273
0.531945
0.505671
0.479448
0.453272
0.427142
0.401054
0.375004
0.348991
0.323011
0.297061
0.271139
0.245243
0.219368
0.193514
0.167677
0.141856
0.116047
0.0902478
0.064457
0.038672
1.99298
1.97896
1.96493
1.95091
1.9369
1.92291
1.90892
1.89496
1.88102
1.8671
1.8532
1.83934
1.82551
1.81171
1.79796
1.78424
1.77058
1.75696
1.7434
1.7299
1.71646
1.70308
1.68978
1.67655
1.66339
1.65032
1.63733
1.62442
1.61161
1.59888
1.58624
1.57369
1.56121
1.54881
1.53646
1.52416
1.51188
1.49958
1.48722
1.47475
1.4621
1.44919
1.43592
1.42217
1.40781
1.3927
1.37671
1.3597
1.34156
1.32222
1.30167
1.27991
1.25703
1.23314
1.20835
1.18282
1.15668
1.13006
1.10308
1.07584
1.04841
1.02088
0.993291
0.965686
0.938098
0.910553
0.883066
0.855652
0.828317
0.801069
0.773908
0.746836
0.719853
0.692956
0.666143
0.639412
0.612758
0.586179
0.55967
0.533227
0.506847
0.480526
0.45426
0.428045
0.401878
0.375754
0.349672
0.323627
0.297616
0.271636
0.245683
0.219756
0.193852
0.167966
0.142097
0.116242
0.090399
0.0645645
0.0387362
1.99301
1.97902
1.96504
1.95107
1.9371
1.92315
1.90922
1.8953
1.88141
1.86754
1.85371
1.8399
1.82613
1.81241
1.79872
1.78509
1.7715
1.75798
1.74451
1.73111
1.71778
1.70453
1.69135
1.67827
1.66527
1.65237
1.63957
1.62687
1.61429
1.60181
1.58946
1.57721
1.56508
1.55306
1.54114
1.52931
1.51755
1.50582
1.49408
1.48229
1.47037
1.45824
1.44577
1.43283
1.41927
1.40491
1.38957
1.37306
1.35525
1.33603
1.31536
1.29328
1.26989
1.24535
1.21982
1.19349
1.16653
1.13911
1.11135
1.08338
1.05528
1.02712
0.998962
0.970839
0.942782
0.914812
0.886942
0.859183
0.831537
0.804007
0.776592
0.74929
0.722098
0.695011
0.668026
0.641138
0.614341
0.58763
0.561
0.534447
0.507965
0.481549
0.455196
0.4289
0.402657
0.376464
0.350315
0.324208
0.298139
0.272104
0.246099
0.220122
0.194169
0.168238
0.142325
0.116427
0.0905415
0.0646656
0.0387966
1.99303
1.97908
1.96514
1.95121
1.93729
1.92338
1.90949
1.89562
1.88178
1.86796
1.85418
1.84043
1.82672
1.81306
1.79944
1.78588
1.77237
1.75893
1.74555
1.73225
1.71903
1.70589
1.69284
1.67989
1.66705
1.65432
1.6417
1.62921
1.61685
1.60463
1.59256
1.58063
1.56885
1.55722
1.54574
1.5344
1.52318
1.51206
1.501
1.48996
1.47887
1.46762
1.45609
1.44413
1.43154
1.41811
1.40359
1.38774
1.37035
1.35127
1.33046
1.30796
1.28391
1.25854
1.23208
1.20478
1.17685
1.14849
1.11985
1.09105
1.0622
1.03337
1.0046
0.975925
0.947378
0.91897
0.890709
0.8626
0.834641
0.806829
0.779162
0.751633
0.724237
0.696965
0.669813
0.642772
0.615837
0.589
0.562254
0.535595
0.509016
0.482511
0.456075
0.429702
0.403388
0.377128
0.350917
0.324752
0.298628
0.272541
0.246487
0.220464
0.194466
0.168492
0.142537
0.116599
0.0906742
0.0647599
0.038853
1.99305
1.97914
1.96523
1.95134
1.93746
1.92359
1.90974
1.89592
1.88212
1.86835
1.85461
1.84092
1.82726
1.81366
1.8001
1.78661
1.77317
1.75981
1.74652
1.73331
1.72019
1.70716
1.69423
1.68142
1.66872
1.65615
1.64371
1.63142
1.61928
1.60731
1.59551
1.58389
1.57246
1.56123
1.55019
1.53936
1.52871
1.51824
1.50791
1.49769
1.48751
1.47727
1.46684
1.45604
1.44465
1.43239
1.41894
1.40395
1.38714
1.36826
1.34724
1.32417
1.29926
1.27283
1.2452
1.2167
1.1876
1.15814
1.12849
1.09878
1.06911
1.03955
1.01013
0.980887
0.951835
0.922981
0.894326
0.865866
0.837596
0.809509
0.781595
0.753845
0.72625
0.698801
0.671487
0.644301
0.617234
0.590277
0.563423
0.536664
0.509993
0.483404
0.45689
0.430445
0.404065
0.377743
0.351474
0.325255
0.29908
0.272945
0.246846
0.220779
0.19474
0.168726
0.142733
0.116758
0.0907966
0.0648469
0.038905
1.99306
1.97919
1.96532
1.95146
1.93761
1.92378
1.90997
1.89618
1.88243
1.8687
1.85501
1.84136
1.82776
1.81421
1.80071
1.78728
1.77391
1.76062
1.74741
1.73428
1.72125
1.70833
1.69551
1.68282
1.67026
1.65784
1.64557
1.63347
1.62154
1.60981
1.59828
1.58696
1.57588
1.56504
1.55445
1.54412
1.53407
1.52427
1.51472
1.50538
1.49621
1.48711
1.47796
1.46855
1.45864
1.44787
1.43581
1.42201
1.40598
1.38738
1.36609
1.34222
1.31614
1.2883
1.25918
1.22921
1.19872
1.16799
1.13719
1.10648
1.07592
1.04558
1.01549
0.985659
0.956095
0.926793
0.897746
0.868942
0.84037
0.812014
0.783863
0.755902
0.728118
0.7005
0.673035
0.645712
0.618521
0.591452
0.564496
0.537644
0.510888
0.484221
0.457635
0.431125
0.404683
0.378304
0.351982
0.325713
0.299492
0.273313
0.247172
0.221065
0.194989
0.168939
0.142911
0.116902
0.0909079
0.0649259
0.0389522
1.99308
1.97923
1.9654
1.95157
1.93775
1.92395
1.91018
1.89642
1.8827
1.86901
1.85537
1.84176
1.8282
1.8147
1.80126
1.78788
1.77457
1.76135
1.74821
1.73516
1.72222
1.70938
1.69667
1.68409
1.67166
1.65938
1.64727
1.63535
1.62362
1.61211
1.60083
1.58981
1.57905
1.56859
1.55844
1.54863
1.53916
1.53005
1.52131
1.51291
1.50484
1.49701
1.48932
1.48158
1.47348
1.46462
1.45445
1.44228
1.42739
1.40921
1.3875
1.36249
1.33478
1.30506
1.27403
1.24223
1.21009
1.17789
1.14582
1.11401
1.08251
1.05137
1.02058
0.990164
0.960092
0.930351
0.900923
0.871788
0.842926
0.814316
0.78594
0.757781
0.729821
0.702045
0.67444
0.646991
0.619686
0.592515
0.565465
0.538528
0.511695
0.484957
0.458306
0.431735
0.405238
0.378808
0.352438
0.326124
0.299861
0.273642
0.247464
0.221322
0.195212
0.169129
0.14307
0.117031
0.0910075
0.0649965
0.0389944
1.99309
1.97927
1.96546
1.95166
1.93787
1.9241
1.91036
1.89664
1.88295
1.86929
1.85568
1.84211
1.82859
1.81513
1.80174
1.78841
1.77516
1.76199
1.74891
1.73593
1.72307
1.71032
1.6977
1.68522
1.6729
1.66075
1.64879
1.63702
1.62548
1.61417
1.60313
1.59238
1.58194
1.57184
1.56211
1.55278
1.54389
1.53547
1.52754
1.52012
1.51321
1.50678
1.50075
1.49495
1.48909
1.4827
1.47508
1.46526
1.4521
1.43457
1.41221
1.38547
1.3554
1.32314
1.28963
1.2556
1.22151
1.18766
1.1542
1.12122
1.08875
1.05679
1.02532
0.994321
0.963757
0.933596
0.903808
0.874361
0.845229
0.816383
0.787801
0.75946
0.73134
0.703421
0.675689
0.648126
0.620719
0.593454
0.566322
0.539309
0.512406
0.485605
0.458897
0.432273
0.405726
0.37925
0.352839
0.326485
0.300184
0.273931
0.24772
0.221547
0.195407
0.169296
0.14321
0.117144
0.0910946
0.0650584
0.0390314
1.9931
1.97931
1.96552
1.95174
1.93798
1.92423
1.91051
1.89682
1.88315
1.86953
1.85594
1.84241
1.82893
1.8155
1.80215
1.78886
1.77566
1.76254
1.74952
1.7366
1.7238
1.71112
1.69859
1.6862
1.67398
1.66194
1.6501
1.63848
1.62709
1.61597
1.60514
1.59463
1.58448
1.57471
1.56537
1.5565
1.54816
1.5404
1.53327
1.52682
1.52111
1.51615
1.51194
1.50837
1.50522
1.50201
1.49791
1.49157
1.48118
1.46476
1.44129
1.41179
1.37823
1.34245
1.30577
1.26903
1.23271
1.19703
1.1621
1.12792
1.09448
1.06172
1.02959
0.998042
0.967018
0.936469
0.90635
0.876621
0.847244
0.818188
0.789421
0.760919
0.732656
0.704612
0.676767
0.649104
0.621608
0.594263
0.567058
0.539979
0.513017
0.486161
0.459402
0.432733
0.406144
0.379629
0.353181
0.326793
0.300461
0.274178
0.247939
0.221739
0.195574
0.169438
0.143328
0.11724
0.0911688
0.0651111
0.0390629
1.99311
1.97934
1.96557
1.95181
1.93806
1.92434
1.91064
1.89696
1.88332
1.86972
1.85616
1.84266
1.8292
1.81581
1.80248
1.78923
1.77607
1.76299
1.75001
1.73715
1.7244
1.71179
1.69932
1.68701
1.67487
1.66293
1.65119
1.63969
1.62845
1.61749
1.60684
1.59654
1.58663
1.57715
1.56815
1.5597
1.55185
1.5447
1.53831
1.53279
1.52825
1.52478
1.52248
1.52139
1.52141
1.52222
1.52296
1.52195
1.51628
1.50201
1.47639
1.44217
1.40329
1.36265
1.32196
1.28204
1.24325
1.20566
1.16924
1.13389
1.09952
1.06601
1.03328
1.00124
0.969804
0.938911
0.908503
0.878528
0.848941
0.819702
0.790778
0.762137
0.733754
0.705603
0.677664
0.649917
0.622345
0.594933
0.567667
0.540533
0.513521
0.48662
0.459819
0.433111
0.406487
0.37994
0.353462
0.327047
0.300688
0.27438
0.248118
0.221897
0.19571
0.169555
0.143426
0.117319
0.0912296
0.0651543
0.0390887
1.99312
1.97936
1.9656
1.95186
1.93813
1.92442
1.91073
1.89708
1.88346
1.86987
1.85633
1.84285
1.82941
1.81605
1.80275
1.78952
1.77639
1.76334
1.7504
1.73758
1.72488
1.71231
1.69989
1.68764
1.67558
1.66371
1.65206
1.64065
1.62952
1.61869
1.60818
1.59806
1.58835
1.57911
1.57039
1.56228
1.55486
1.54822
1.54248
1.53779
1.53431
1.53225
1.53182
1.53328
1.53682
1.54248
1.54977
1.55701
1.55997
1.5506
1.52008
1.47723
1.4301
1.38292
1.33737
1.29394
1.25259
1.21312
1.1753
1.13889
1.10369
1.06954
1.03629
1.00383
0.972047
0.94087
0.910223
0.880047
0.850288
0.820902
0.79185
0.763099
0.734619
0.706383
0.678368
0.650554
0.622923
0.595457
0.568143
0.540966
0.513914
0.486977
0.460144
0.433406
0.406755
0.380182
0.35368
0.327243
0.300864
0.274537
0.248257
0.222019
0.195816
0.169645
0.143501
0.11738
0.0912767
0.0651876
0.0391086
1.99312
1.97937
1.96563
1.95189
1.93817
1.92448
1.9108
1.89716
1.88355
1.86998
1.85645
1.84298
1.82957
1.81621
1.80293
1.78973
1.77662
1.7636
1.75068
1.73788
1.72521
1.71268
1.7003
1.6881
1.67608
1.66426
1.65268
1.64134
1.63029
1.61955
1.60916
1.59916
1.5896
1.58053
1.57204
1.56419
1.55708
1.55084
1.54561
1.54157
1.53896
1.53807
1.53928
1.54309
1.55012
1.5611
1.57664
1.59634
1.61598
1.62036
1.57609
1.51656
1.45697
1.40154
1.35067
1.30375
1.26005
1.21895
1.17995
1.14267
1.10682
1.07216
1.03851
1.00573
0.973689
0.942298
0.911474
0.881148
0.851262
0.821768
0.792623
0.76379
0.735239
0.706941
0.678872
0.651009
0.623335
0.595831
0.568481
0.541273
0.514193
0.48723
0.460374
0.433615
0.406944
0.380353
0.353834
0.327382
0.300988
0.274648
0.248355
0.222104
0.19589
0.169708
0.143554
0.117423
0.0913096
0.065211
0.0391226
1.99313
1.97938
1.96564
1.95191
1.9382
1.92451
1.91084
1.8972
1.8836
1.87004
1.85652
1.84306
1.82965
1.81631
1.80304
1.78985
1.77675
1.76374
1.75084
1.73806
1.72541
1.7129
1.70055
1.68836
1.67637
1.66459
1.65304
1.64175
1.63075
1.62007
1.60974
1.59982
1.59035
1.58139
1.57303
1.56534
1.55844
1.55245
1.54754
1.54393
1.54189
1.54179
1.54414
1.54968
1.55947
1.57517
1.59934
1.63573
1.68727
1.73875
1.64738
1.55595
1.47967
1.41561
1.36002
1.31033
1.26491
1.22266
1.18287
1.14503
1.10875
1.07377
1.03987
1.00688
0.974684
0.94316
0.912226
0.881808
0.851844
0.822284
0.793082
0.7642
0.735606
0.707271
0.679168
0.651277
0.623576
0.596049
0.568679
0.541452
0.514355
0.487377
0.460507
0.433735
0.407052
0.380451
0.353923
0.327461
0.301059
0.274711
0.248411
0.222153
0.195932
0.169744
0.143584
0.117447
0.0913283
0.0652242
0.0391305
1.99313
1.97938
1.96564
1.95192
1.93821
1.92452
1.91085
1.89721
1.88361
1.87005
1.85654
1.84308
1.82967
1.81633
1.80307
1.78988
1.77678
1.76378
1.75089
1.73811
1.72546
1.71296
1.70061
1.68844
1.67646
1.66469
1.65315
1.64188
1.63089
1.62022
1.60992
1.60002
1.59058
1.58167
1.57335
1.56571
1.55888
1.55297
1.54818
1.54471
1.54287
1.54305
1.54582
1.55201
1.56291
1.58076
1.60984
1.65996
1.75861
2
1.71872
1.58018
1.49016
1.42119
1.36346
1.31267
1.26659
1.22393
1.18386
1.14581
1.10939
1.07429
1.04031
1.00726
0.975001
0.943434
0.912463
0.882014
0.852024
0.822442
0.793221
0.764323
0.735715
0.707367
0.679254
0.651353
0.623644
0.59611
0.568733
0.5415
0.514399
0.487416
0.460542
0.433766
0.40708
0.380475
0.353944
0.32748
0.301076
0.274726
0.248424
0.222164
0.195942
0.169753
0.143591
0.117452
0.0913325
0.0652272
0.0391322
1.99313
1.97938
1.96564
1.95191
1.93819
1.9245
1.91083
1.89719
1.88359
1.87002
1.8565
1.84304
1.82963
1.81629
1.80301
1.78982
1.77672
1.76371
1.75081
1.73803
1.72538
1.71286
1.70051
1.68833
1.67633
1.66455
1.653
1.64171
1.63071
1.62002
1.60969
1.59977
1.5903
1.58135
1.57298
1.56529
1.55838
1.55239
1.54749
1.54387
1.54183
1.54173
1.54409
1.54962
1.55941
1.57511
1.59929
1.63567
1.68721
1.73869
1.64732
1.55589
1.47961
1.41555
1.35996
1.31028
1.26485
1.22261
1.18282
1.14497
1.10869
1.07371
1.03981
1.00683
0.974633
0.94311
0.912177
0.88176
0.851797
0.822238
0.793037
0.764156
0.735563
0.707229
0.679128
0.651238
0.623538
0.596012
0.568644
0.541418
0.514323
0.487346
0.460478
0.433707
0.407026
0.380426
0.3539
0.327439
0.301039
0.274693
0.248394
0.222138
0.195919
0.169733
0.143574
0.117439
0.0913222
0.0652199
0.0391278
1.99312
1.97937
1.96562
1.95188
1.93816
1.92446
1.91078
1.89713
1.88352
1.86995
1.85642
1.84294
1.82952
1.81617
1.80288
1.78968
1.77656
1.76354
1.75062
1.73782
1.72514
1.71261
1.70023
1.68802
1.676
1.66418
1.65259
1.64126
1.6302
1.61946
1.60906
1.59906
1.5895
1.58043
1.57193
1.56408
1.55698
1.55073
1.5455
1.54146
1.53885
1.53796
1.53917
1.54298
1.55001
1.56099
1.57652
1.59622
1.61587
1.62024
1.57598
1.51644
1.45685
1.40143
1.35056
1.30363
1.25994
1.21883
1.17984
1.14256
1.10671
1.07205
1.0384
1.00562
0.973587
0.942198
0.911375
0.881051
0.851167
0.821675
0.792532
0.763702
0.735153
0.706858
0.678791
0.650931
0.623259
0.595757
0.568411
0.541206
0.514129
0.487169
0.460316
0.433559
0.406891
0.380303
0.353788
0.327339
0.300949
0.274612
0.248322
0.222075
0.195864
0.169686
0.143535
0.117407
0.0912974
0.0652023
0.0391173
1.99312
1.97935
1.96559
1.95184
1.9381
1.92439
1.9107
1.89704
1.88341
1.86982
1.85628
1.84279
1.82935
1.81598
1.80267
1.78945
1.7763
1.76326
1.75031
1.73748
1.72477
1.7122
1.69978
1.68753
1.67546
1.66358
1.65193
1.64052
1.62939
1.61855
1.60804
1.59791
1.5882
1.57896
1.57024
1.56213
1.5547
1.54806
1.54232
1.53763
1.53415
1.53208
1.53166
1.53311
1.53665
1.54231
1.5496
1.55684
1.5598
1.55043
1.5199
1.47706
1.42993
1.38274
1.3372
1.29377
1.25242
1.21296
1.17513
1.13872
1.10353
1.06938
1.03613
1.00367
0.971894
0.940719
0.910075
0.879901
0.850146
0.820763
0.791714
0.762967
0.73449
0.706257
0.678247
0.650437
0.622809
0.595348
0.568037
0.540865
0.513817
0.486885
0.460056
0.433323
0.406676
0.380108
0.353611
0.327179
0.300805
0.274483
0.248208
0.221974
0.195777
0.169611
0.143472
0.117356
0.0912584
0.0651745
0.0391007
1.99311
1.97932
1.96555
1.95178
1.93803
1.9243
1.91059
1.89691
1.88326
1.86966
1.85609
1.84258
1.82911
1.81572
1.80238
1.78913
1.77595
1.76287
1.74989
1.73702
1.72427
1.71165
1.69917
1.68686
1.67471
1.66277
1.65103
1.63952
1.62827
1.6173
1.60665
1.59635
1.58643
1.57695
1.56795
1.55949
1.55165
1.54448
1.5381
1.53258
1.52803
1.52456
1.52226
1.52116
1.52119
1.52199
1.52273
1.52173
1.51605
1.50178
1.47616
1.44194
1.40306
1.36243
1.32173
1.28182
1.24303
1.20544
1.16902
1.13367
1.0993
1.0658
1.03307
1.00103
0.969599
0.93871
0.908306
0.878334
0.848751
0.819516
0.790596
0.761961
0.733582
0.705436
0.677502
0.64976
0.622193
0.594787
0.567526
0.540398
0.513392
0.486496
0.459702
0.433
0.406383
0.379841
0.35337
0.326961
0.300609
0.274308
0.248053
0.221838
0.195658
0.16951
0.143387
0.117287
0.0912052
0.0651368
0.0390782
1.9931
1.97929
1.9655
1.95171
1.93794
1.92418
1.91045
1.89675
1.88308
1.86944
1.85585
1.84231
1.82882
1.81539
1.80202
1.78873
1.77551
1.76239
1.74936
1.73644
1.72363
1.71094
1.6984
1.68601
1.67378
1.66174
1.64989
1.63826
1.62687
1.61575
1.60491
1.59439
1.58423
1.57446
1.56511
1.55625
1.5479
1.54013
1.533
1.52655
1.52084
1.51588
1.51166
1.50809
1.50494
1.50173
1.49762
1.49129
1.48089
1.46447
1.441
1.41151
1.37795
1.34216
1.30548
1.26875
1.23243
1.19675
1.16182
1.12765
1.0942
1.06145
1.02933
0.997782
0.966762
0.936217
0.906103
0.876378
0.847007
0.817955
0.789194
0.760697
0.73244
0.704402
0.676564
0.648908
0.621418
0.59408
0.566881
0.53981
0.512855
0.486007
0.459256
0.432593
0.406012
0.379505
0.353065
0.326686
0.300362
0.274087
0.247857
0.221665
0.195508
0.169382
0.14328
0.117201
0.0911382
0.0650892
0.0390497
1.99309
1.97926
1.96544
1.95162
1.93783
1.92405
1.91029
1.89656
1.88286
1.86919
1.85557
1.84199
1.82846
1.81499
1.80159
1.78825
1.77499
1.76181
1.74872
1.73574
1.72286
1.7101
1.69748
1.68499
1.67267
1.66051
1.64853
1.63676
1.62521
1.6139
1.60285
1.59209
1.58164
1.57154
1.5618
1.55247
1.54358
1.53515
1.52722
1.5198
1.51288
1.50645
1.50041
1.49461
1.48875
1.48236
1.47473
1.46491
1.45175
1.43422
1.41186
1.38513
1.35506
1.32279
1.28929
1.25526
1.22118
1.18732
1.15387
1.12089
1.08842
1.05647
1.025
0.994008
0.963449
0.933293
0.90351
0.87407
0.844943
0.816104
0.787528
0.759194
0.731081
0.70317
0.675444
0.647889
0.62049
0.593234
0.56611
0.539106
0.512212
0.48542
0.45872
0.432105
0.405568
0.379102
0.3527
0.326356
0.300066
0.273822
0.247622
0.221459
0.195329
0.169228
0.143152
0.117096
0.0910578
0.0650321
0.0390156
1.99307
1.97921
1.96536
1.95152
1.9377
1.92389
1.9101
1.89633
1.8826
1.8689
1.85524
1.84162
1.82805
1.81454
1.80108
1.78769
1.77437
1.76114
1.74799
1.73493
1.72198
1.70913
1.69641
1.68382
1.67138
1.65909
1.64697
1.63504
1.62331
1.61179
1.6005
1.58947
1.57871
1.56824
1.55809
1.54827
1.53879
1.52968
1.52093
1.51253
1.50445
1.49662
1.48893
1.48118
1.47308
1.46422
1.45405
1.44187
1.42699
1.40881
1.3871
1.36209
1.33437
1.30466
1.27363
1.24183
1.20969
1.1775
1.14543
1.11362
1.08213
1.05099
1.02021
0.989798
0.959732
0.929997
0.900576
0.871447
0.842592
0.813989
0.785621
0.75747
0.729518
0.701751
0.674154
0.646715
0.619419
0.592257
0.565217
0.538291
0.511468
0.48474
0.4581
0.43154
0.405053
0.378634
0.352276
0.325974
0.299722
0.273515
0.247349
0.221219
0.19512
0.16905
0.143003
0.116975
0.0909644
0.0649658
0.038976
1.99305
1.97917
1.96528
1.95141
1.93755
1.9237
1.90988
1.89608
1.88231
1.86857
1.85486
1.8412
1.82758
1.81402
1.80051
1.78706
1.77368
1.76038
1.74715
1.73402
1.72098
1.70804
1.69522
1.68251
1.66994
1.65751
1.64523
1.63312
1.62119
1.60944
1.5979
1.58658
1.57549
1.56464
1.55404
1.54371
1.53364
1.52384
1.51429
1.50495
1.49577
1.48667
1.47751
1.4681
1.45818
1.44741
1.43535
1.42154
1.40552
1.38692
1.36563
1.34176
1.31568
1.28784
1.25873
1.22875
1.19827
1.16754
1.13675
1.10604
1.07548
1.04515
1.01506
0.98524
0.955682
0.926388
0.897348
0.868552
0.839987
0.81164
0.783497
0.755545
0.727771
0.700163
0.672708
0.645396
0.618215
0.591157
0.564212
0.537372
0.510628
0.483973
0.457399
0.430901
0.404472
0.378105
0.351797
0.325541
0.299332
0.273167
0.24704
0.220947
0.194884
0.168848
0.142834
0.116838
0.0908587
0.0648907
0.038931
1.99304
1.97911
1.96519
1.95128
1.93738
1.9235
1.90964
1.8958
1.88198
1.8682
1.85445
1.84073
1.82707
1.81345
1.79988
1.78637
1.77292
1.75954
1.74624
1.73301
1.71988
1.70684
1.6939
1.68107
1.66836
1.65577
1.64333
1.63102
1.61888
1.60689
1.59508
1.58346
1.57202
1.56078
1.54973
1.53889
1.52823
1.51776
1.50743
1.4972
1.48701
1.47677
1.46633
1.45553
1.44414
1.43187
1.41842
1.40343
1.38661
1.36774
1.34672
1.32365
1.29874
1.27231
1.24468
1.21618
1.18709
1.15764
1.12799
1.09829
1.06862
1.03906
1.00965
0.980415
0.95137
0.922524
0.893876
0.865425
0.837165
0.809086
0.781182
0.753443
0.725859
0.69842
0.671119
0.643944
0.616889
0.589945
0.563103
0.536357
0.509699
0.483123
0.456623
0.430193
0.403826
0.377519
0.351265
0.32506
0.2989
0.27278
0.246696
0.220645
0.194622
0.168623
0.142646
0.116686
0.0907411
0.0648071
0.0388811
1.99302
1.97905
1.9651
1.95115
1.93721
1.92328
1.90937
1.89549
1.88163
1.86779
1.85399
1.84023
1.8265
1.81282
1.79919
1.78561
1.77209
1.75863
1.74524
1.73192
1.71868
1.70553
1.69247
1.67951
1.66665
1.6539
1.64127
1.62877
1.6164
1.60417
1.59208
1.58014
1.56835
1.55672
1.54523
1.53387
1.52265
1.51152
1.50046
1.48941
1.47831
1.46705
1.45552
1.44356
1.43097
1.41753
1.40301
1.38716
1.36977
1.35069
1.32988
1.30738
1.28333
1.25797
1.23151
1.20421
1.17628
1.14792
1.11929
1.0905
1.06166
1.03283
1.00406
0.975398
0.946859
0.91846
0.890209
0.862109
0.83416
0.806359
0.778703
0.751185
0.723801
0.696542
0.669402
0.642374
0.615452
0.588629
0.561898
0.535253
0.508689
0.482199
0.455778
0.429421
0.403123
0.376879
0.350684
0.324535
0.298428
0.272358
0.246321
0.220314
0.194334
0.168377
0.14244
0.116519
0.0906123
0.0647157
0.0388265
1.993
1.97899
1.96499
1.951
1.93701
1.92304
1.90909
1.89515
1.88124
1.86736
1.8535
1.83968
1.82589
1.81215
1.79844
1.78479
1.77119
1.75765
1.74416
1.73075
1.7174
1.70413
1.69094
1.67784
1.66483
1.65191
1.6391
1.62639
1.61379
1.6013
1.58893
1.57668
1.56454
1.55251
1.54058
1.52874
1.51696
1.50522
1.49348
1.48169
1.46976
1.45762
1.44514
1.43221
1.41864
1.40428
1.38893
1.37242
1.35461
1.33538
1.31472
1.29264
1.26925
1.24471
1.21918
1.19285
1.1659
1.13848
1.11074
1.08277
1.05468
1.02653
0.998372
0.970257
0.942209
0.914249
0.88639
0.858641
0.831006
0.803487
0.776085
0.748795
0.721616
0.694544
0.667573
0.640699
0.613916
0.587221
0.560607
0.534069
0.507604
0.481205
0.454868
0.42859
0.402364
0.376189
0.350058
0.323969
0.297918
0.271901
0.245916
0.219958
0.194024
0.168112
0.142218
0.116339
0.0904732
0.0646168
0.0387673
1.99297
1.97892
1.96488
1.95084
1.93681
1.92279
1.90878
1.8948
1.88083
1.86689
1.85298
1.83909
1.82524
1.81143
1.79765
1.78392
1.77024
1.7566
1.74302
1.7295
1.71604
1.70265
1.68933
1.67608
1.66291
1.64982
1.63681
1.62389
1.61106
1.59832
1.58567
1.5731
1.56061
1.5482
1.53585
1.52353
1.51124
1.49893
1.48656
1.47409
1.46143
1.44851
1.43523
1.42148
1.40712
1.39201
1.37601
1.359
1.34086
1.32152
1.30096
1.27921
1.25633
1.23244
1.20765
1.18213
1.15599
1.12938
1.1024
1.07517
1.04775
1.02023
0.992645
0.965049
0.937472
0.909936
0.882461
0.855058
0.827736
0.8005
0.773353
0.746295
0.719326
0.692444
0.665647
0.638931
0.612294
0.585731
0.559239
0.532814
0.506452
0.480149
0.453901
0.427705
0.401557
0.375453
0.34939
0.323365
0.297374
0.271414
0.245483
0.219576
0.193692
0.167828
0.14198
0.116146
0.0903243
0.0645111
0.0387041
1.99295
1.97885
1.96476
1.95067
1.93659
1.92252
1.90846
1.89442
1.8804
1.8664
1.85242
1.83848
1.82456
1.81067
1.79682
1.783
1.76923
1.7555
1.74182
1.7282
1.71462
1.7011
1.68764
1.67424
1.66091
1.64764
1.63444
1.62131
1.60825
1.59525
1.58232
1.56944
1.55662
1.54383
1.53107
1.51831
1.50553
1.49269
1.47975
1.46666
1.45336
1.43977
1.4258
1.41136
1.39634
1.38062
1.36411
1.34669
1.3283
1.30888
1.28841
1.26691
1.24443
1.22105
1.19687
1.172
1.14655
1.12063
1.09433
1.06774
1.04094
1.01398
0.986932
0.959823
0.932692
0.905564
0.87846
0.851395
0.82438
0.797424
0.770532
0.743706
0.716948
0.69026
0.663639
0.637086
0.610597
0.584171
0.557804
0.531496
0.505241
0.479038
0.452882
0.426773
0.400705
0.374677
0.348685
0.322726
0.296799
0.270899
0.245025
0.219173
0.193341
0.167527
0.141728
0.115942
0.0901666
0.064399
0.0386371
1.99292
1.97878
1.96463
1.95049
1.93636
1.92223
1.90812
1.89403
1.87995
1.86588
1.85184
1.83783
1.82384
1.80988
1.79594
1.78205
1.76818
1.75436
1.74058
1.72684
1.71314
1.69949
1.68589
1.67234
1.65884
1.6454
1.632
1.61866
1.60537
1.59212
1.57891
1.56574
1.55258
1.53944
1.52629
1.51311
1.49987
1.48655
1.47309
1.45945
1.44558
1.4314
1.41684
1.40182
1.38625
1.37004
1.3531
1.33537
1.31678
1.29729
1.27688
1.25558
1.23342
1.21047
1.18678
1.16246
1.13759
1.11226
1.08655
1.06053
1.03428
1.00784
0.981275
0.95462
0.927908
0.901167
0.874419
0.847681
0.820966
0.794285
0.767643
0.741048
0.714502
0.688007
0.661565
0.635175
0.608837
0.58255
0.556313
0.530123
0.503979
0.477878
0.451818
0.425798
0.399814
0.373864
0.347946
0.322057
0.296195
0.270358
0.244544
0.218749
0.192972
0.167211
0.141464
0.115728
0.0900008
0.0642812
0.0385666
1.9929
1.9787
1.9645
1.9503
1.93612
1.92194
1.90777
1.89361
1.87947
1.86535
1.85124
1.83715
1.82309
1.80905
1.79504
1.78105
1.7671
1.75317
1.73928
1.72543
1.71161
1.69783
1.68409
1.67039
1.65673
1.6431
1.62952
1.61596
1.60244
1.58895
1.57547
1.562
1.54854
1.53506
1.52154
1.50797
1.49431
1.48054
1.46661
1.45248
1.4381
1.42341
1.40834
1.39283
1.3768
1.36018
1.3429
1.3249
1.30615
1.2866
1.26626
1.24512
1.22322
1.2006
1.17733
1.15347
1.12909
1.10427
1.07907
1.05356
1.02779
1.00183
0.975709
0.949472
0.923153
0.896778
0.870369
0.843944
0.817519
0.791105
0.76471
0.738341
0.712004
0.685702
0.659438
0.633213
0.607027
0.58088
0.554773
0.528704
0.502673
0.476677
0.450716
0.424787
0.398889
0.37302
0.347178
0.321361
0.295568
0.269795
0.244043
0.218307
0.192588
0.166882
0.141188
0.115504
0.0898278
0.0641582
0.0384931
1.99287
1.97862
1.96436
1.95011
1.93587
1.92163
1.9074
1.89319
1.87898
1.86479
1.85062
1.83646
1.82232
1.8082
1.7941
1.78003
1.76598
1.75196
1.73796
1.72399
1.71005
1.69614
1.68225
1.6684
1.65457
1.64077
1.62699
1.61323
1.59949
1.58575
1.57202
1.55827
1.54451
1.53071
1.51685
1.50291
1.48887
1.47469
1.46033
1.44577
1.43094
1.4158
1.40029
1.38436
1.36794
1.35097
1.33341
1.3152
1.29631
1.27672
1.25642
1.23542
1.21373
1.1914
1.16847
1.145
1.12104
1.09666
1.0719
1.04684
1.02151
0.995971
0.970258
0.944409
0.918454
0.892422
0.866334
0.840208
0.814061
0.787905
0.761749
0.735603
0.709472
0.68336
0.657272
0.63121
0.605176
0.579171
0.553195
0.527249
0.501331
0.475442
0.44958
0.423745
0.397935
0.372148
0.346384
0.320642
0.294918
0.269213
0.243524
0.21785
0.19219
0.166541
0.140902
0.115272
0.0896485
0.0640307
0.0384169
1.99284
1.97853
1.96422
1.94991
1.93561
1.92132
1.90703
1.89275
1.87848
1.86422
1.84998
1.83574
1.82153
1.80733
1.79315
1.77898
1.76484
1.75071
1.7366
1.72252
1.70845
1.69441
1.68039
1.66638
1.65239
1.63841
1.62445
1.61049
1.59653
1.58256
1.56858
1.55457
1.54052
1.52641
1.51223
1.49795
1.48355
1.469
1.45427
1.43931
1.42409
1.40856
1.39267
1.37637
1.35962
1.34237
1.32456
1.30618
1.28718
1.26755
1.24729
1.22639
1.20488
1.18279
1.16015
1.13701
1.11341
1.08941
1.06505
1.04038
1.01544
0.990286
0.964943
0.93945
0.913834
0.888122
0.862336
0.836494
0.810612
0.784704
0.75878
0.732849
0.706919
0.680994
0.65508
0.629181
0.603297
0.577433
0.551588
0.525764
0.499961
0.474179
0.448418
0.422677
0.396956
0.371254
0.34557
0.319903
0.294251
0.268614
0.242991
0.21738
0.19178
0.166189
0.140607
0.115033
0.0894637
0.0638994
0.0383383
1.99281
1.97845
1.96408
1.94971
1.93535
1.92099
1.90664
1.8923
1.87796
1.86364
1.84932
1.83502
1.82072
1.80644
1.79217
1.77791
1.76367
1.74944
1.73523
1.72103
1.70684
1.69267
1.6785
1.66434
1.65019
1.63605
1.6219
1.60774
1.59357
1.57938
1.56516
1.5509
1.53658
1.52219
1.50771
1.49312
1.4784
1.46351
1.44843
1.43312
1.41755
1.40167
1.38545
1.36884
1.35181
1.33431
1.3163
1.29777
1.27868
1.25902
1.23878
1.21798
1.19662
1.17473
1.15234
1.12948
1.10619
1.08252
1.0585
1.03418
1.0096
0.984786
0.95978
0.934613
0.90931
0.883896
0.858393
0.83282
0.80719
0.781519
0.755818
0.730096
0.70436
0.678618
0.652874
0.627134
0.6014
0.575675
0.54996
0.524259
0.49857
0.472896
0.447236
0.421591
0.395959
0.370342
0.344739
0.319148
0.293569
0.268002
0.242445
0.216898
0.19136
0.165829
0.140306
0.114788
0.0892744
0.0637648
0.0382578
1.99279
1.97836
1.96393
1.94951
1.93508
1.92067
1.90625
1.89184
1.87744
1.86304
1.84866
1.83427
1.8199
1.80554
1.79118
1.77683
1.76249
1.74816
1.73384
1.71952
1.70522
1.69091
1.67661
1.6623
1.648
1.63368
1.61936
1.60501
1.59064
1.57624
1.56179
1.54729
1.53272
1.51806
1.5033
1.48842
1.4734
1.45821
1.44281
1.42719
1.41131
1.39513
1.37862
1.36174
1.34446
1.32675
1.30858
1.28991
1.27074
1.25106
1.23085
1.21012
1.18889
1.16718
1.14499
1.12238
1.09936
1.07598
1.05226
1.02825
1.00398
0.979479
0.95478
0.92991
0.904896
0.87976
0.854522
0.8292
0.80381
0.778365
0.752877
0.727355
0.701808
0.676243
0.650666
0.625081
0.599493
0.573905
0.54832
0.52274
0.497165
0.471598
0.446039
0.420489
0.394949
0.369417
0.343894
0.318381
0.292876
0.267379
0.24189
0.216408
0.190933
0.165463
0.139998
0.114538
0.0890814
0.0636275
0.0381757
1.99276
1.97827
1.96378
1.9493
1.93481
1.92033
1.90586
1.89138
1.87691
1.86244
1.84798
1.83352
1.81907
1.80462
1.79018
1.77574
1.76131
1.74687
1.73244
1.71802
1.70359
1.68915
1.67471
1.66027
1.64581
1.63133
1.61683
1.6023
1.58774
1.57313
1.55847
1.54374
1.52893
1.51403
1.49902
1.48387
1.46857
1.4531
1.43743
1.42152
1.40537
1.38892
1.37215
1.35504
1.33755
1.31966
1.30133
1.28256
1.26333
1.24362
1.22343
1.20277
1.18165
1.16008
1.13808
1.11568
1.09289
1.06976
1.04632
1.02258
0.99859
0.97437
0.949949
0.925353
0.900605
0.875726
0.850735
0.82565
0.800485
0.775254
0.749969
0.724639
0.699274
0.67388
0.648464
0.623031
0.597587
0.572134
0.546675
0.521214
0.495753
0.470292
0.444834
0.419379
0.393928
0.368482
0.343041
0.317605
0.292174
0.266749
0.241328
0.215911
0.190499
0.165091
0.139687
0.114285
0.0888856
0.0634883
0.0380924
1.99273
1.97818
1.96363
1.94909
1.93454
1.92
1.90546
1.89091
1.87638
1.86184
1.8473
1.83277
1.81824
1.80371
1.78918
1.77465
1.76012
1.74558
1.73105
1.71651
1.70196
1.6874
1.67283
1.65824
1.64363
1.629
1.61434
1.59963
1.58489
1.57009
1.55522
1.54028
1.52525
1.51011
1.49486
1.47947
1.46392
1.4482
1.43227
1.41612
1.39971
1.38303
1.36604
1.34872
1.33105
1.31299
1.29454
1.27568
1.25638
1.23666
1.21649
1.19589
1.17486
1.15341
1.13157
1.10935
1.08678
1.06387
1.04066
1.01717
0.993429
0.969463
0.945294
0.920948
0.896444
0.871803
0.847042
0.822178
0.797226
0.772198
0.747106
0.72196
0.696768
0.671539
0.646279
0.620994
0.595689
0.570367
0.545033
0.51969
0.494339
0.468984
0.443625
0.418265
0.392904
0.367543
0.342183
0.316824
0.291468
0.266113
0.240761
0.21541
0.190062
0.164716
0.139372
0.114029
0.0886878
0.0633476
0.0380083
1.9927
1.97809
1.96348
1.94887
1.93427
1.91966
1.90505
1.89045
1.87584
1.86123
1.84662
1.83202
1.8174
1.80279
1.78818
1.77356
1.75893
1.7443
1.72966
1.71501
1.70034
1.68566
1.67096
1.65624
1.64149
1.6267
1.61188
1.59701
1.58209
1.5671
1.55204
1.5369
1.52166
1.50632
1.49084
1.47523
1.45945
1.4435
1.42734
1.41096
1.39433
1.37744
1.36025
1.34275
1.32492
1.30673
1.28817
1.26922
1.24988
1.23013
1.20998
1.18943
1.16848
1.14715
1.12544
1.10338
1.08099
1.05828
1.03528
1.01201
0.988494
0.964756
0.940818
0.9167
0.89242
0.867999
0.843452
0.818795
0.794042
0.769206
0.744296
0.719325
0.6943
0.669229
0.644119
0.618977
0.593807
0.568613
0.543401
0.518172
0.49293
0.467678
0.442418
0.417151
0.391879
0.366602
0.341323
0.316042
0.290759
0.265476
0.240192
0.214907
0.189623
0.164339
0.139055
0.113772
0.0884889
0.0632062
0.0379236
1.99267
1.978
1.96333
1.94866
1.93399
1.91932
1.90465
1.88998
1.8753
1.86063
1.84595
1.83126
1.81657
1.80188
1.78718
1.77247
1.75775
1.74302
1.72828
1.71352
1.69874
1.68394
1.66911
1.65426
1.63937
1.62444
1.60947
1.59444
1.57935
1.56419
1.54895
1.53362
1.51819
1.50264
1.48697
1.47115
1.45516
1.43899
1.42263
1.40605
1.38922
1.37214
1.35478
1.33712
1.31914
1.30083
1.28217
1.26316
1.24377
1.22401
1.20388
1.18337
1.16249
1.14125
1.11967
1.09775
1.07551
1.05298
1.03017
1.00709
0.983782
0.960251
0.936522
0.912612
0.888539
0.864321
0.839973
0.815509
0.790942
0.766286
0.74155
0.716744
0.691878
0.666958
0.641993
0.616987
0.591948
0.566878
0.541784
0.516667
0.491532
0.466382
0.441218
0.416042
0.390858
0.365665
0.340466
0.315261
0.290051
0.264839
0.239623
0.214404
0.189184
0.163962
0.138739
0.113515
0.0882898
0.0630645
0.0378388
1.99264
1.97791
1.96318
1.94845
1.93372
1.91899
1.90425
1.88951
1.87477
1.86002
1.84527
1.83051
1.81575
1.80097
1.78619
1.77139
1.75658
1.74175
1.72691
1.71205
1.69716
1.68224
1.6673
1.65232
1.63729
1.62223
1.60711
1.59193
1.57668
1.56136
1.54595
1.53045
1.51483
1.4991
1.48324
1.46723
1.45105
1.43469
1.41814
1.40137
1.38437
1.36712
1.34961
1.3318
1.3137
1.29529
1.27654
1.25746
1.23804
1.21827
1.19814
1.17767
1.15686
1.1357
1.11422
1.09243
1.07034
1.04796
1.02531
1.00242
0.979288
0.955946
0.932406
0.908687
0.884804
0.860773
0.836609
0.812324
0.787933
0.763445
0.738872
0.714224
0.689508
0.664733
0.639906
0.615032
0.590118
0.565169
0.540189
0.515181
0.49015
0.465098
0.440029
0.414943
0.389844
0.364734
0.339613
0.314484
0.289347
0.264204
0.239056
0.213903
0.188746
0.163586
0.138423
0.113258
0.0880912
0.0629232
0.0377542
1.99261
1.97782
1.96303
1.94824
1.93345
1.91865
1.90385
1.88905
1.87424
1.85943
1.8446
1.82977
1.81493
1.80007
1.78521
1.77033
1.75543
1.74051
1.72557
1.7106
1.69561
1.68058
1.66552
1.65041
1.63527
1.62007
1.60481
1.58948
1.57409
1.55861
1.54304
1.52738
1.5116
1.49569
1.47966
1.46347
1.44712
1.43059
1.41387
1.39693
1.37977
1.36237
1.34472
1.32679
1.30858
1.29007
1.27125
1.25211
1.23266
1.21287
1.19276
1.17232
1.15156
1.13048
1.1091
1.08741
1.06545
1.04321
1.02071
0.997972
0.975009
0.951837
0.92847
0.904925
0.881217
0.857359
0.833365
0.809248
0.785019
0.76069
0.736271
0.711771
0.687198
0.66256
0.637865
0.613118
0.588325
0.563491
0.538621
0.513719
0.488788
0.463833
0.438855
0.413858
0.388843
0.363813
0.33877
0.313715
0.28865
0.263576
0.238494
0.213406
0.188311
0.163212
0.138109
0.113003
0.0878938
0.0627827
0.0376702
1.99258
1.97773
1.96288
1.94803
1.93318
1.91832
1.90346
1.88859
1.87372
1.85884
1.84394
1.82904
1.81412
1.79919
1.78424
1.76928
1.75429
1.73928
1.72425
1.70918
1.69409
1.67895
1.66378
1.64856
1.63329
1.61796
1.60257
1.58711
1.57158
1.55595
1.54024
1.52442
1.50848
1.49242
1.47622
1.45988
1.44337
1.42668
1.4098
1.39272
1.37542
1.35788
1.3401
1.32206
1.30375
1.28515
1.26627
1.24709
1.2276
1.20781
1.1877
1.16729
1.14658
1.12557
1.10427
1.08268
1.06083
1.03871
1.01635
0.993754
0.97094
0.947922
0.924713
0.901327
0.877779
0.85408
0.830244
0.806282
0.782206
0.758025
0.733751
0.70939
0.684953
0.660445
0.635875
0.611249
0.586572
0.561849
0.537085
0.512285
0.487452
0.462589
0.437701
0.412789
0.387857
0.362906
0.337938
0.312956
0.287961
0.262955
0.237939
0.212914
0.187882
0.162843
0.137799
0.112751
0.0876985
0.0626437
0.037587
1.99255
1.97764
1.96274
1.94783
1.93292
1.918
1.90308
1.88814
1.8732
1.85826
1.84329
1.82832
1.81333
1.79832
1.7833
1.76825
1.75318
1.73808
1.72296
1.7078
1.6926
1.67737
1.66208
1.64675
1.63137
1.61592
1.60041
1.58482
1.56915
1.55339
1.53754
1.52157
1.50549
1.48929
1.47294
1.45645
1.43979
1.42296
1.40594
1.38872
1.37129
1.35363
1.33574
1.3176
1.2992
1.28053
1.26159
1.24236
1.22285
1.20305
1.18295
1.16257
1.1419
1.12095
1.09972
1.07822
1.05646
1.03446
1.01222
0.989754
0.967076
0.944197
0.921132
0.897892
0.874491
0.850939
0.827249
0.803431
0.779497
0.755455
0.731316
0.707087
0.682777
0.658393
0.633943
0.609431
0.584864
0.560248
0.535586
0.510884
0.486145
0.461372
0.43657
0.411742
0.386889
0.362015
0.337121
0.31221
0.287284
0.262344
0.237392
0.21243
0.187458
0.162479
0.137493
0.112502
0.0875059
0.0625066
0.0375049
1.99252
1.97756
1.96259
1.94763
1.93266
1.91768
1.9027
1.8877
1.8727
1.85769
1.84266
1.82762
1.81256
1.79748
1.78237
1.76725
1.7521
1.73692
1.7217
1.70645
1.69116
1.67582
1.66044
1.645
1.62951
1.61395
1.59831
1.58261
1.56681
1.55093
1.53494
1.51885
1.50263
1.48629
1.46981
1.45318
1.43639
1.41942
1.40228
1.38494
1.36739
1.34962
1.33163
1.3134
1.29492
1.27619
1.25719
1.23793
1.21839
1.19858
1.17849
1.15813
1.1375
1.1166
1.09544
1.07402
1.05235
1.03045
1.00832
0.985967
0.963411
0.94066
0.917726
0.89462
0.871353
0.847936
0.824381
0.800697
0.776895
0.752983
0.72897
0.704865
0.680676
0.656408
0.632071
0.607668
0.583207
0.558691
0.534127
0.509519
0.48487
0.460185
0.435467
0.410718
0.385943
0.361143
0.336321
0.311479
0.28662
0.261745
0.236856
0.211955
0.187043
0.162122
0.137193
0.112257
0.0873168
0.062372
0.0374243
1.99249
1.97747
1.96245
1.94743
1.9324
1.91737
1.90233
1.88727
1.87221
1.85713
1.84204
1.82693
1.8118
1.79665
1.78147
1.76627
1.75104
1.73578
1.72048
1.70514
1.68976
1.67433
1.65885
1.64331
1.62771
1.61204
1.5963
1.58048
1.56457
1.54856
1.53246
1.51624
1.4999
1.48343
1.46683
1.45007
1.43316
1.41608
1.39881
1.38136
1.36371
1.34584
1.32776
1.30945
1.2909
1.2721
1.25306
1.23376
1.21421
1.19439
1.17431
1.15397
1.13337
1.11252
1.09141
1.07006
1.04848
1.02666
1.00463
0.982386
0.959941
0.937306
0.914491
0.891507
0.868364
0.845072
0.821642
0.798082
0.774402
0.750611
0.726717
0.702728
0.678651
0.654494
0.630263
0.605964
0.581603
0.557184
0.532713
0.508195
0.483633
0.459031
0.434393
0.409722
0.385021
0.360293
0.335541
0.310766
0.285972
0.26116
0.236332
0.211491
0.186637
0.161772
0.136899
0.112018
0.0871316
0.0622402
0.0373454
1.99246
1.97739
1.96232
1.94724
1.93216
1.91706
1.90196
1.88685
1.87173
1.85659
1.84144
1.82626
1.81107
1.79585
1.7806
1.76533
1.75002
1.73468
1.7193
1.70388
1.68841
1.67289
1.65732
1.64168
1.62598
1.61021
1.59437
1.57844
1.56242
1.5463
1.53008
1.51375
1.4973
1.48071
1.46399
1.44712
1.4301
1.41291
1.39554
1.37798
1.36023
1.34228
1.32412
1.30573
1.28712
1.26827
1.24919
1.22986
1.21028
1.19046
1.17038
1.15006
1.12949
1.10868
1.08763
1.06635
1.04483
1.0231
1.00115
0.979006
0.956662
0.934132
0.911426
0.888554
0.865525
0.842347
0.819032
0.795587
0.77202
0.748342
0.724558
0.700678
0.676708
0.652654
0.628524
0.604322
0.580056
0.555729
0.531347
0.506914
0.482435
0.457913
0.433352
0.408755
0.384126
0.359468
0.334782
0.310073
0.285342
0.260591
0.235822
0.211038
0.186241
0.161432
0.136613
0.111785
0.0869512
0.0621117
0.0372685
1.99244
1.97731
1.96219
1.94705
1.93192
1.91677
1.90161
1.88645
1.87126
1.85607
1.84085
1.82561
1.81036
1.79507
1.77976
1.76441
1.74903
1.73362
1.71816
1.70266
1.68711
1.6715
1.65584
1.64012
1.62433
1.60846
1.59252
1.57649
1.56037
1.54415
1.52782
1.51138
1.49482
1.47813
1.46131
1.44433
1.4272
1.40991
1.39245
1.3748
1.35696
1.33893
1.32069
1.30224
1.28357
1.26468
1.24556
1.2262
1.20661
1.18678
1.16671
1.1464
1.12586
1.10509
1.08408
1.06285
1.04141
1.01975
0.997883
0.97582
0.953568
0.931134
0.908528
0.885758
0.862833
0.839761
0.816551
0.793212
0.769752
0.746177
0.722497
0.698718
0.674847
0.650891
0.626855
0.602746
0.578569
0.554329
0.530031
0.50568
0.48128
0.456834
0.432347
0.407821
0.383261
0.358669
0.334048
0.309401
0.284731
0.260039
0.235328
0.2106
0.185857
0.161102
0.136335
0.111559
0.0867759
0.0619869
0.0371938
1.99241
1.97724
1.96206
1.94687
1.93168
1.91649
1.90128
1.88605
1.87082
1.85556
1.84029
1.82499
1.80967
1.79432
1.77894
1.76353
1.74808
1.7326
1.71707
1.70149
1.68586
1.67017
1.65443
1.63862
1.62274
1.60679
1.59075
1.57463
1.55841
1.5421
1.52567
1.50914
1.49248
1.47569
1.45877
1.4417
1.42447
1.40709
1.38954
1.37181
1.35389
1.33579
1.31748
1.29897
1.28025
1.26131
1.24216
1.22278
1.20317
1.18333
1.16327
1.14298
1.12246
1.10172
1.08076
1.05958
1.03819
1.0166
0.994809
0.972824
0.950655
0.928309
0.905793
0.883117
0.860287
0.837312
0.8142
0.790959
0.767596
0.744119
0.720535
0.69685
0.673072
0.649207
0.62526
0.601238
0.577145
0.552988
0.528769
0.504495
0.48017
0.455796
0.431379
0.406922
0.382428
0.3579
0.333341
0.308754
0.284141
0.259506
0.23485
0.210176
0.185486
0.160782
0.136066
0.11134
0.0866064
0.0618662
0.0371215
1.99239
1.97716
1.96194
1.9467
1.93146
1.91621
1.90095
1.88568
1.87039
1.85508
1.83975
1.82439
1.80901
1.7936
1.77816
1.76269
1.74717
1.73162
1.71602
1.70037
1.68467
1.66891
1.65308
1.63719
1.62123
1.60519
1.58907
1.57286
1.55656
1.54015
1.52364
1.50701
1.49026
1.47338
1.45637
1.43921
1.4219
1.40444
1.38681
1.369
1.35101
1.33284
1.31448
1.29591
1.27715
1.25817
1.23898
1.21958
1.19996
1.18012
1.16006
1.13978
1.11929
1.09858
1.07765
1.05652
1.03519
1.01365
0.991927
0.970013
0.94792
0.925653
0.90322
0.880629
0.857887
0.835001
0.811979
0.788828
0.765555
0.742168
0.718673
0.695076
0.671385
0.647604
0.623741
0.5998
0.575787
0.551706
0.527563
0.503362
0.479107
0.454803
0.430452
0.40606
0.381628
0.357161
0.332661
0.308131
0.283575
0.258994
0.234391
0.209769
0.185129
0.160475
0.135808
0.11113
0.0864432
0.0617499
0.0370519
1.99236
1.97709
1.96182
1.94654
1.93125
1.91595
1.90064
1.88531
1.86997
1.85461
1.83923
1.82382
1.80838
1.79292
1.77742
1.76188
1.74631
1.73069
1.71502
1.6993
1.68353
1.6677
1.6518
1.63584
1.6198
1.60368
1.58748
1.57119
1.5548
1.53832
1.52172
1.50501
1.48817
1.47121
1.45412
1.43688
1.41949
1.40195
1.38425
1.36637
1.34832
1.33009
1.31167
1.29306
1.27425
1.25524
1.23602
1.2166
1.19697
1.17712
1.15707
1.1368
1.11633
1.09564
1.07476
1.05367
1.03238
1.0109
0.989231
0.967382
0.945357
0.923163
0.900805
0.878292
0.85563
0.832826
0.809886
0.786818
0.763629
0.740325
0.716912
0.693397
0.669786
0.646085
0.622299
0.598434
0.574495
0.550487
0.526415
0.502283
0.478095
0.453855
0.429568
0.405236
0.380864
0.356455
0.332011
0.307536
0.283032
0.258503
0.233951
0.209378
0.184787
0.16018
0.13556
0.110928
0.0862867
0.0616384
0.0369851
1.99234
1.97703
1.9617
1.94638
1.93104
1.9157
1.90034
1.88497
1.86958
1.85417
1.83873
1.82327
1.80779
1.79227
1.77671
1.76112
1.74548
1.7298
1.71407
1.69829
1.68245
1.66656
1.65059
1.63456
1.61845
1.60226
1.58598
1.56962
1.55315
1.53659
1.51991
1.50313
1.48622
1.46918
1.45201
1.4347
1.41724
1.39963
1.38186
1.36392
1.34581
1.32752
1.30906
1.2904
1.27155
1.25251
1.23327
1.21383
1.19419
1.17434
1.15429
1.13403
1.11358
1.09292
1.07206
1.05101
1.02976
1.00833
0.986718
0.964927
0.942964
0.920835
0.898547
0.876105
0.853515
0.830786
0.807922
0.78493
0.761818
0.73859
0.715253
0.691814
0.668277
0.64465
0.620936
0.597142
0.573273
0.549333
0.525327
0.501259
0.477134
0.452955
0.428727
0.404454
0.380138
0.355783
0.331392
0.306969
0.282516
0.258036
0.233532
0.209006
0.184461
0.159899
0.135323
0.110735
0.0861373
0.061532
0.0369214
1.99232
1.97696
1.9616
1.94623
1.93085
1.91546
1.90006
1.88464
1.86921
1.85375
1.83827
1.82276
1.80722
1.79165
1.77604
1.76039
1.7447
1.72897
1.71318
1.69734
1.68144
1.66548
1.64945
1.63335
1.61717
1.60092
1.58457
1.56814
1.5516
1.53497
1.51822
1.50136
1.48438
1.46728
1.45004
1.43266
1.41514
1.39746
1.37963
1.36164
1.34348
1.32514
1.30663
1.28794
1.26905
1.24998
1.23072
1.21126
1.19161
1.17176
1.15171
1.13147
1.11102
1.09039
1.06956
1.04854
1.02733
1.00595
0.984382
0.962643
0.940737
0.918667
0.896441
0.874064
0.851542
0.82888
0.806085
0.783164
0.760121
0.736964
0.713697
0.690328
0.66686
0.643301
0.619654
0.595926
0.572121
0.548244
0.5243
0.500292
0.476226
0.452105
0.427933
0.403713
0.37945
0.355147
0.330806
0.306432
0.282026
0.257593
0.233134
0.208652
0.184151
0.159632
0.135098
0.110552
0.0859955
0.061431
0.0368608
1.9923
1.9769
1.9615
1.94609
1.93067
1.91524
1.89979
1.88433
1.86885
1.85335
1.83783
1.82227
1.80669
1.79107
1.77541
1.75971
1.74397
1.72818
1.71234
1.69644
1.68049
1.66447
1.64838
1.63222
1.61598
1.59966
1.58326
1.56676
1.55016
1.53346
1.51665
1.49972
1.48268
1.46551
1.44821
1.43077
1.41319
1.39546
1.37757
1.35953
1.34132
1.32294
1.30439
1.28566
1.26674
1.24765
1.22837
1.20889
1.18923
1.16938
1.14933
1.1291
1.10867
1.08805
1.06725
1.04626
1.02509
1.00374
0.982219
0.960528
0.938672
0.916657
0.894487
0.872169
0.849707
0.827107
0.804376
0.781518
0.75854
0.735447
0.712245
0.688939
0.665535
0.642038
0.618454
0.594787
0.571042
0.547223
0.523336
0.499385
0.475373
0.451305
0.427185
0.403017
0.378803
0.354547
0.330254
0.305925
0.281564
0.257175
0.232759
0.208319
0.183859
0.159381
0.134887
0.110379
0.0858616
0.0613356
0.0368037
1.99228
1.97684
1.9614
1.94595
1.9305
1.91503
1.89955
1.88405
1.86853
1.85298
1.83741
1.82182
1.80619
1.79052
1.77482
1.75907
1.74329
1.72745
1.71156
1.69561
1.6796
1.66353
1.64738
1.63117
1.61487
1.5985
1.58203
1.56547
1.54882
1.53206
1.51519
1.4982
1.4811
1.46387
1.44651
1.42902
1.41138
1.3936
1.37567
1.35758
1.33932
1.32091
1.30232
1.28356
1.26462
1.2455
1.2262
1.20671
1.18704
1.16719
1.14714
1.12692
1.1065
1.0859
1.06512
1.04416
1.02302
1.00171
0.980225
0.958577
0.936767
0.914801
0.892682
0.870417
0.84801
0.825466
0.802792
0.779992
0.757073
0.734039
0.710896
0.687649
0.664303
0.640864
0.617336
0.593725
0.570035
0.546271
0.522437
0.498537
0.474576
0.450558
0.426486
0.402365
0.378197
0.353987
0.329737
0.305451
0.281132
0.256783
0.232407
0.208007
0.183585
0.159144
0.134688
0.110217
0.085736
0.0612461
0.0367501
1.99226
1.97679
1.96131
1.94583
1.93034
1.91483
1.89931
1.88378
1.86822
1.85264
1.83703
1.82139
1.80572
1.79002
1.77427
1.75848
1.74265
1.72677
1.71083
1.69483
1.67878
1.66265
1.64646
1.63019
1.61385
1.59742
1.5809
1.56429
1.54758
1.53076
1.51384
1.4968
1.47965
1.46237
1.44496
1.42741
1.40973
1.3919
1.37392
1.35579
1.3375
1.31905
1.30043
1.28164
1.26267
1.24353
1.22422
1.20472
1.18504
1.16518
1.14514
1.12492
1.10452
1.08393
1.06317
1.04223
1.02112
0.999844
0.978397
0.956787
0.935019
0.913096
0.891024
0.868806
0.846449
0.823956
0.801334
0.778587
0.755721
0.73274
0.70965
0.686457
0.663164
0.639778
0.616302
0.592743
0.569103
0.545389
0.521603
0.497751
0.473837
0.449865
0.425837
0.401759
0.377634
0.353465
0.329256
0.30501
0.280729
0.256418
0.23208
0.207716
0.18333
0.158924
0.134502
0.110066
0.0856189
0.0611627
0.0367001
1.99225
1.97674
1.96123
1.94572
1.93019
1.91465
1.8991
1.88353
1.86793
1.85232
1.83667
1.821
1.80529
1.78955
1.77376
1.75794
1.74206
1.72614
1.71016
1.69412
1.67802
1.66185
1.64561
1.6293
1.6129
1.59643
1.57986
1.5632
1.54644
1.52958
1.51261
1.49552
1.47832
1.46099
1.44354
1.42595
1.40822
1.39035
1.37233
1.35416
1.33584
1.31735
1.2987
1.27989
1.2609
1.24174
1.22241
1.20291
1.18322
1.16336
1.14332
1.12311
1.10271
1.08214
1.0614
1.04048
1.0194
0.998148
0.976732
0.955157
0.933425
0.911542
0.88951
0.867336
0.845023
0.822576
0.8
0.777301
0.754483
0.73155
0.708509
0.685364
0.662119
0.638781
0.615353
0.59184
0.568246
0.544577
0.520836
0.497028
0.473156
0.449225
0.425239
0.401201
0.377115
0.352984
0.328812
0.304602
0.280358
0.256082
0.231777
0.207447
0.183094
0.158721
0.134331
0.109927
0.0855107
0.0610855
0.0366539
1.99223
1.9767
1.96116
1.94561
1.93006
1.91449
1.8989
1.8833
1.86768
1.85203
1.83635
1.82064
1.8049
1.78912
1.7733
1.75744
1.74153
1.72556
1.70955
1.69347
1.67733
1.66112
1.64484
1.62848
1.61205
1.59553
1.57892
1.56221
1.54541
1.5285
1.51149
1.49436
1.47711
1.45974
1.44225
1.42462
1.40685
1.38894
1.37089
1.35269
1.33433
1.31582
1.29715
1.27831
1.2593
1.24013
1.22079
1.20127
1.18158
1.16172
1.14168
1.12147
1.10109
1.08053
1.0598
1.0389
1.01784
0.996615
0.975227
0.953682
0.931984
0.910135
0.88814
0.866004
0.843731
0.821325
0.798791
0.776134
0.753358
0.730469
0.707472
0.68437
0.661169
0.637873
0.614488
0.591017
0.567465
0.543837
0.520136
0.496367
0.472535
0.448642
0.424693
0.400691
0.37664
0.352544
0.328406
0.30423
0.280018
0.255774
0.2315
0.207201
0.182878
0.158535
0.134174
0.109799
0.0854115
0.0610148
0.0366116
1.99222
1.97666
1.96109
1.94552
1.92993
1.91434
1.89873
1.88309
1.86744
1.85176
1.83606
1.82032
1.80455
1.78874
1.77288
1.75699
1.74104
1.72505
1.70899
1.69288
1.6767
1.66046
1.64414
1.62775
1.61127
1.59471
1.57806
1.56132
1.54448
1.52753
1.51048
1.49331
1.47603
1.45862
1.44109
1.42343
1.40563
1.38769
1.3696
1.35137
1.33299
1.31445
1.29575
1.27689
1.25787
1.23869
1.21933
1.19981
1.18011
1.16025
1.14021
1.12001
1.09963
1.07908
1.05837
1.03749
1.01645
0.995243
0.97388
0.952362
0.930692
0.908874
0.886912
0.864809
0.842571
0.820201
0.797705
0.775085
0.752348
0.729498
0.706538
0.683475
0.660313
0.637056
0.613708
0.590275
0.566761
0.543169
0.519504
0.495771
0.471973
0.448114
0.424199
0.40023
0.376211
0.352146
0.328039
0.303892
0.27971
0.255495
0.231249
0.206978
0.182682
0.158366
0.134032
0.109683
0.0853217
0.0609508
0.0365732
1.99221
1.97662
1.96103
1.94543
1.92983
1.9142
1.89857
1.88291
1.86723
1.85153
1.83579
1.82003
1.80423
1.78839
1.77251
1.75659
1.74061
1.72458
1.7085
1.69236
1.67615
1.65987
1.64352
1.62709
1.61058
1.59399
1.57731
1.56053
1.54365
1.52667
1.50959
1.49239
1.47507
1.45763
1.44006
1.42237
1.40454
1.38657
1.36846
1.3502
1.3318
1.31324
1.29452
1.27565
1.25661
1.23741
1.21805
1.19851
1.17882
1.15895
1.13892
1.11871
1.09834
1.07781
1.05711
1.03624
1.01521
0.994029
0.972688
0.951193
0.929548
0.907757
0.885823
0.863751
0.841543
0.819205
0.796741
0.774154
0.751451
0.728634
0.705709
0.68268
0.659552
0.636328
0.613015
0.589615
0.566133
0.542574
0.518941
0.49524
0.471473
0.447644
0.423758
0.399818
0.375828
0.351791
0.327711
0.303591
0.279435
0.255245
0.231025
0.206778
0.182507
0.158215
0.133905
0.109579
0.0852413
0.0608935
0.0365389
1.9922
1.97659
1.96098
1.94536
1.92973
1.91409
1.89843
1.88275
1.86705
1.85132
1.83556
1.81978
1.80395
1.78809
1.77218
1.75623
1.74023
1.72418
1.70807
1.6919
1.67566
1.65935
1.64297
1.62652
1.60998
1.59336
1.57665
1.55984
1.54293
1.52592
1.5088
1.49158
1.47423
1.45676
1.43917
1.42145
1.40359
1.3856
1.36746
1.34919
1.33076
1.31218
1.29345
1.27456
1.25551
1.2363
1.21693
1.19739
1.17769
1.15782
1.13779
1.11759
1.09722
1.0767
1.056
1.03515
1.01414
0.992972
0.971649
0.950174
0.928551
0.906783
0.884874
0.862827
0.840646
0.818335
0.795899
0.773341
0.750666
0.727879
0.704984
0.681984
0.658885
0.635692
0.612407
0.589036
0.565583
0.542052
0.518448
0.494773
0.471033
0.447231
0.423371
0.399457
0.375491
0.351479
0.327423
0.303327
0.279193
0.255026
0.230828
0.206603
0.182354
0.158083
0.133793
0.109488
0.0851706
0.0608432
0.0365087
1.99219
1.97656
1.96093
1.94529
1.92965
1.91398
1.89831
1.88261
1.86689
1.85114
1.83537
1.81956
1.80371
1.78783
1.7719
1.75593
1.73991
1.72383
1.7077
1.6915
1.67524
1.65891
1.64251
1.62603
1.60946
1.59282
1.57608
1.55925
1.54231
1.52528
1.50814
1.49088
1.47351
1.45602
1.4384
1.42066
1.40278
1.38477
1.36661
1.34832
1.32987
1.31128
1.29253
1.27363
1.25457
1.23535
1.21597
1.19643
1.17672
1.15685
1.13682
1.11663
1.09627
1.07575
1.05506
1.03422
1.01322
0.992069
0.970761
0.949304
0.927699
0.905951
0.884062
0.862037
0.839878
0.817591
0.795178
0.772645
0.749995
0.727232
0.704362
0.681388
0.658314
0.635146
0.611886
0.58854
0.565111
0.541605
0.518024
0.494373
0.470656
0.446876
0.423039
0.399146
0.375202
0.351211
0.327175
0.303099
0.278985
0.254838
0.230659
0.206452
0.182221
0.157969
0.133697
0.10941
0.0851098
0.0607998
0.0364827
1.99218
1.97654
1.96089
1.94524
1.92958
1.9139
1.89821
1.88249
1.86676
1.85099
1.8352
1.81937
1.80351
1.78761
1.77167
1.75568
1.73963
1.72354
1.70739
1.69117
1.67489
1.65854
1.64212
1.62562
1.60903
1.59236
1.57561
1.55875
1.5418
1.52474
1.50758
1.4903
1.47291
1.4554
1.43777
1.42
1.40211
1.38408
1.36591
1.34759
1.32914
1.31053
1.29177
1.27286
1.25379
1.23456
1.21518
1.19563
1.17592
1.15605
1.13602
1.11583
1.09547
1.07496
1.05428
1.03345
1.01246
0.991318
0.970024
0.94858
0.926991
0.905259
0.883387
0.86138
0.83924
0.816971
0.794578
0.772065
0.749436
0.726694
0.703844
0.680891
0.657838
0.63469
0.611451
0.588126
0.564718
0.541231
0.51767
0.494039
0.470341
0.44658
0.422761
0.398886
0.37496
0.350986
0.326968
0.302909
0.278811
0.25468
0.230517
0.206326
0.182111
0.157873
0.133617
0.109344
0.0850589
0.0607635
0.036461
1.99217
1.97652
1.96086
1.9452
1.92952
1.91383
1.89813
1.8824
1.86665
1.85087
1.83507
1.81923
1.80335
1.78744
1.77148
1.75547
1.73942
1.72331
1.70714
1.69091
1.67461
1.65825
1.64181
1.62529
1.60869
1.592
1.57523
1.55836
1.54139
1.52431
1.50713
1.48984
1.47244
1.45491
1.43726
1.41948
1.40157
1.38353
1.36534
1.34702
1.32855
1.30993
1.29116
1.27224
1.25317
1.23393
1.21454
1.195
1.17529
1.15542
1.13538
1.11519
1.09484
1.07433
1.05366
1.03283
1.01185
0.99072
0.969435
0.948003
0.926426
0.904706
0.882848
0.860855
0.83873
0.816476
0.794099
0.771602
0.748988
0.726263
0.70343
0.680493
0.657457
0.634326
0.611104
0.587794
0.564402
0.540932
0.517387
0.493771
0.470088
0.446343
0.422538
0.398678
0.374767
0.350807
0.326802
0.302756
0.278672
0.254553
0.230403
0.206225
0.182022
0.157796
0.133552
0.109292
0.0850181
0.0607344
0.0364435
1.99217
1.97651
1.96084
1.94517
1.92948
1.91378
1.89807
1.88233
1.86657
1.85078
1.83497
1.81912
1.80323
1.78731
1.77134
1.75532
1.73925
1.72313
1.70695
1.69071
1.6744
1.65802
1.64157
1.62504
1.60843
1.59173
1.57494
1.55806
1.54108
1.52399
1.5068
1.4895
1.47208
1.45454
1.43688
1.41909
1.40117
1.38311
1.36492
1.34659
1.32811
1.30948
1.29071
1.27178
1.2527
1.23346
1.21407
1.19452
1.17481
1.15494
1.13491
1.11472
1.09437
1.07386
1.05319
1.03237
1.0114
0.990272
0.968995
0.947571
0.926002
0.904293
0.882444
0.860462
0.838347
0.816106
0.79374
0.771255
0.748653
0.72594
0.703119
0.680195
0.657171
0.634053
0.610843
0.587546
0.564166
0.540707
0.517174
0.49357
0.469899
0.446165
0.422371
0.398522
0.374621
0.350671
0.326677
0.302641
0.278567
0.254458
0.230318
0.206149
0.181955
0.157739
0.133504
0.109252
0.0849874
0.0607125
0.0364304
1.99217
1.9765
1.96082
1.94514
1.92945
1.91375
1.89802
1.88228
1.86652
1.85072
1.8349
1.81904
1.80315
1.78722
1.77124
1.75522
1.73914
1.72301
1.70683
1.69058
1.67426
1.65788
1.64142
1.62488
1.60826
1.59155
1.57475
1.55786
1.54087
1.52378
1.50658
1.48927
1.47184
1.45429
1.43662
1.41883
1.4009
1.38284
1.36464
1.3463
1.32782
1.30918
1.29041
1.27148
1.25239
1.23315
1.21376
1.1942
1.17449
1.15462
1.13459
1.1144
1.09405
1.07355
1.05288
1.03207
1.0111
0.989973
0.968702
0.947283
0.925721
0.904017
0.882176
0.8602
0.838093
0.815859
0.793501
0.771023
0.74843
0.725725
0.702912
0.679996
0.656981
0.63387
0.610669
0.58738
0.564008
0.540557
0.517032
0.493436
0.469772
0.446046
0.42226
0.398418
0.374524
0.350581
0.326594
0.302565
0.278497
0.254395
0.230261
0.206098
0.181911
0.1577
0.133471
0.109226
0.0849669
0.0606979
0.0364217
