1.01214
0.274258
0.0588449
0.0101876
0.00145755
0.000176098
1.82946e-05
1.65874e-06
1.32867e-07
9.49783e-09
6.11026e-10
3.56301e-11
1.89466e-12
9.23568e-14
4.14563e-15
1.72031e-16
6.6225e-18
2.37224e-19
7.9285e-21
2.47835e-22
7.26114e-24
1.9978e-25
5.1707e-27
1.26086e-28
2.90075e-30
6.30403e-32
1.29562e-33
2.5207e-35
4.64665e-37
8.12238e-39
1.34728e-40
2.12195e-42
3.17506e-44
4.51559e-46
6.10659e-48
7.85503e-50
9.61346e-52
1.11965e-53
1.24115e-55
1.30959e-57
1.31531e-59
1.25745e-61
1.14414e-63
9.90663e-66
8.16087e-68
6.39424e-70
4.76356e-72
3.37276e-74
2.2685e-76
1.44859e-78
8.77661e-81
5.04158e-83
2.74352e-85
1.41303e-87
6.88093e-90
3.16444e-92
1.37259e-94
5.60737e-97
2.15407e-99
7.76721e-102
2.62369e-104
8.28382e-107
2.43852e-109
6.67372e-112
1.6926e-114
3.96359e-117
8.53366e-120
1.68101e-122
3.01237e-125
4.87771e-128
7.07906e-131
9.1182e-134
1.02969e-136
1.0037e-139
8.27436e-143
5.60963e-146
3.00297e-149
1.19023e-152
3.1052e-156
4e-160
0
0
0
0
0
0
0
0
0
0
0
0
0
0
0
0
0
0
0
1.2531
0.390819
0.0901723
0.0162554
0.00238127
0.000291774
3.05622e-05
2.78333e-06
2.23362e-07
1.59672e-08
1.02588e-09
5.96832e-11
3.16393e-12
1.53659e-13
6.86851e-15
2.83719e-16
1.08685e-17
3.873e-19
1.28742e-20
4.0017e-22
1.16563e-23
3.18798e-25
8.20089e-27
1.98735e-28
4.5432e-30
9.81002e-32
2.00304e-33
3.87129e-35
7.08865e-37
1.23073e-38
2.0275e-40
3.17127e-42
4.71214e-44
6.6546e-46
8.93553e-48
1.14119e-49
1.38662e-51
1.60325e-53
1.76425e-55
1.84785e-57
1.84218e-59
1.74801e-61
1.57855e-63
1.35647e-65
1.10893e-67
8.62212e-70
6.37373e-72
4.47776e-74
2.98816e-76
1.89312e-78
1.1379e-80
6.48434e-83
3.50029e-85
1.78821e-87
8.63697e-90
3.93942e-92
1.69462e-94
6.86532e-97
2.61519e-99
9.35029e-102
3.13156e-104
9.80251e-107
2.86064e-109
7.76077e-112
1.95102e-114
4.52828e-117
9.66243e-120
1.88623e-122
3.34945e-125
5.37384e-128
7.72707e-131
9.86011e-134
1.10299e-136
1.06495e-139
8.69517e-143
5.83788e-146
3.09462e-149
1.21445e-152
3.1368e-156
4e-160
0
0
0
0
0
0
0
0
0
0
0
0
0
0
0
0
0
0
0
1.29432
0.415685
0.0975343
0.0177568
0.00261663
0.000321749
3.37704e-05
3.07865e-06
2.4714e-07
1.76638e-08
1.13426e-09
6.5933e-11
3.49156e-12
1.69363e-13
7.56013e-15
3.11827e-16
1.19265e-17
4.24307e-19
1.40803e-20
4.36892e-22
1.27031e-23
3.46792e-25
8.90439e-27
2.15375e-28
4.91422e-30
1.05907e-31
2.15825e-33
4.16314e-35
7.60814e-37
1.31833e-38
2.16754e-40
3.38363e-42
5.01778e-44
7.0723e-46
9.47776e-48
1.20807e-49
1.46502e-51
1.69061e-53
1.85678e-55
1.94103e-57
1.93138e-59
1.82917e-61
1.64874e-63
1.41414e-65
1.15394e-67
8.95568e-70
6.60835e-72
4.63431e-74
3.08719e-76
1.95246e-78
1.17156e-80
6.66494e-83
3.59184e-85
1.83201e-87
8.83446e-90
4.02324e-92
1.72806e-94
6.99044e-97
2.65903e-99
9.49378e-102
3.17532e-104
9.92656e-107
2.89321e-109
7.83968e-112
1.96859e-114
4.56406e-117
9.72869e-120
1.89731e-122
3.36605e-125
5.39592e-128
7.75279e-131
9.88597e-134
1.10519e-136
1.06649e-139
8.70364e-143
5.84134e-146
3.09555e-149
1.21457e-152
3.1368e-156
4e-160
0
0
0
0
0
0
0
0
0
0
0
0
0
0
0
0
0
0
0
1.30047
0.419872
0.0988495
0.0180341
0.00266095
0.000327453
3.43839e-05
3.13518e-06
2.51684e-07
1.79866e-08
1.15476e-09
6.71072e-11
3.55261e-12
1.72263e-13
7.68658e-15
3.16911e-16
1.21157e-17
4.30847e-19
1.42908e-20
4.43219e-22
1.28811e-23
3.51484e-25
9.0206e-27
2.18084e-28
4.97368e-30
1.07139e-31
2.18234e-33
4.20768e-35
7.68605e-37
1.33123e-38
2.1878e-40
3.41378e-42
5.06035e-44
7.12933e-46
9.55029e-48
1.21683e-49
1.47507e-51
1.70156e-53
1.86812e-55
1.95218e-57
1.9418e-59
1.83842e-61
1.65653e-63
1.42037e-65
1.15867e-67
8.98977e-70
6.63163e-72
4.64937e-74
3.09642e-76
1.95782e-78
1.1745e-80
6.68013e-83
3.59926e-85
1.83542e-87
8.84926e-90
4.02926e-92
1.73035e-94
6.99865e-97
2.66176e-99
9.50228e-102
3.17778e-104
9.93312e-107
2.89483e-109
7.84334e-112
1.96935e-114
4.56549e-117
9.73112e-120
1.89768e-122
3.36655e-125
5.39651e-128
7.75339e-131
9.88649e-134
1.10523e-136
1.06651e-139
8.70372e-143
5.84136e-146
3.09556e-149
1.21457e-152
3.1368e-156
4e-160
0
0
0
0
0
0
0
0
0
0
0
0
0
0
0
0
0
0
0
1.30126
0.420453
0.0990387
0.0180748
0.00266753
0.000328305
3.44757e-05
3.14362e-06
2.52359e-07
1.80344e-08
1.15777e-09
6.72781e-11
3.56141e-12
1.72676e-13
7.70442e-15
3.1762e-16
1.21418e-17
4.31736e-19
1.43191e-20
4.44056e-22
1.29043e-23
3.52086e-25
9.0353e-27
2.18421e-28
4.98096e-30
1.07287e-31
2.18519e-33
4.21285e-35
7.69494e-37
1.33268e-38
2.19002e-40
3.41703e-42
5.06484e-44
7.13522e-46
9.55762e-48
1.2177e-49
1.47604e-51
1.7026e-53
1.86916e-55
1.95318e-57
1.94271e-59
1.83921e-61
1.65718e-63
1.42088e-65
1.15904e-67
8.99236e-70
6.63335e-72
4.65045e-74
3.09705e-76
1.95817e-78
1.17469e-80
6.68107e-83
3.5997e-85
1.83562e-87
8.85007e-90
4.02958e-92
1.73047e-94
6.99904e-97
2.66189e-99
9.50264e-102
3.17787e-104
9.93336e-107
2.89488e-109
7.84346e-112
1.96937e-114
4.56553e-117
9.73118e-120
1.89769e-122
3.36656e-125
5.39653e-128
7.7534e-131
9.8865e-134
1.10523e-136
1.06651e-139
8.70373e-143
5.84136e-146
3.09556e-149
1.21457e-152
3.1368e-156
4e-160
0
0
0
0
0
0
0
0
0
0
0
0
0
0
0
0
0
0
0
1.30135
0.420521
0.0990614
0.0180798
0.00266833
0.000328409
3.44869e-05
3.14464e-06
2.52441e-07
1.80401e-08
1.15813e-09
6.72982e-11
3.56244e-12
1.72724e-13
7.70645e-15
3.177e-16
1.21447e-17
4.31833e-19
1.43221e-20
4.44145e-22
1.29067e-23
3.52148e-25
9.03679e-27
2.18454e-28
4.98167e-30
1.07301e-31
2.18546e-33
4.21333e-35
7.69575e-37
1.33281e-38
2.19021e-40
3.4173e-42
5.06521e-44
7.1357e-46
9.55821e-48
1.21777e-49
1.47611e-51
1.70267e-53
1.86924e-55
1.95325e-57
1.94277e-59
1.83926e-61
1.65722e-63
1.42091e-65
1.15906e-67
8.99252e-70
6.63345e-72
4.65051e-74
3.09709e-76
1.95819e-78
1.1747e-80
6.68112e-83
3.59972e-85
1.83563e-87
8.8501e-90
4.02959e-92
1.73047e-94
6.99905e-97
2.66189e-99
9.50265e-102
3.17788e-104
9.93337e-107
2.89489e-109
7.84347e-112
1.96937e-114
4.56553e-117
9.73118e-120
1.89769e-122
3.36656e-125
5.39653e-128
7.7534e-131
9.8865e-134
1.10523e-136
1.06651e-139
8.70373e-143
5.84136e-146
3.09556e-149
1.21457e-152
3.1368e-156
4e-160
0
0
0
0
0
0
0
0
0
0
0
0
0
0
0
0
0
0
0
1.30136
0.420528
0.0990637
0.0180803
0.00266842
0.00032842
3.4488e-05
3.14475e-06
2.52449e-07
1.80407e-08
1.15817e-09
6.73002e-11
3.56254e-12
1.72729e-13
7.70664e-15
3.17708e-16
1.21449e-17
4.31842e-19
1.43224e-20
4.44153e-22
1.29069e-23
3.52154e-25
9.03692e-27
2.18457e-28
4.98173e-30
1.07302e-31
2.18548e-33
4.21337e-35
7.69581e-37
1.33282e-38
2.19023e-40
3.41732e-42
5.06524e-44
7.13573e-46
9.55825e-48
1.21777e-49
1.47612e-51
1.70268e-53
1.86924e-55
1.95325e-57
1.94278e-59
1.83926e-61
1.65722e-63
1.42091e-65
1.15906e-67
8.99252e-70
6.63345e-72
4.65051e-74
3.09709e-76
1.95819e-78
1.1747e-80
6.68112e-83
3.59972e-85
1.83563e-87
8.8501e-90
4.02959e-92
1.73047e-94
6.99905e-97
2.66189e-99
9.50265e-102
3.17788e-104
9.93337e-107
2.89489e-109
7.84347e-112
1.96937e-114
4.56553e-117
9.73118e-120
1.89769e-122
3.36656e-125
5.39653e-128
7.7534e-131
9.8865e-134
1.10523e-136
1.06651e-139
8.70373e-143
5.84136e-146
3.09556e-149
1.21457e-152
3.1368e-156
4e-160
0
0
0
0
0
0
0
0
0
0
0
0
0
0
0
0
0
0
0
1.30136
0.420529
0.099064
0.0180803
0.00266842
0.000328421
3.44881e-05
3.14476e-06
2.5245e-07
1.80407e-08
1.15817e-09
6.73003e-11
3.56255e-12
1.72729e-13
7.70666e-15
3.17708e-16
1.2145e-17
4.31843e-19
1.43224e-20
4.44153e-22
1.29069e-23
3.52154e-25
9.03692e-27
2.18457e-28
4.98174e-30
1.07303e-31
2.18548e-33
4.21337e-35
7.69581e-37
1.33282e-38
2.19023e-40
3.41732e-42
5.06524e-44
7.13574e-46
9.55825e-48
1.21777e-49
1.47612e-51
1.70268e-53
1.86924e-55
1.95325e-57
1.94278e-59
1.83926e-61
1.65722e-63
1.42091e-65
1.15906e-67
8.99253e-70
6.63345e-72
4.65051e-74
3.09709e-76
1.95819e-78
1.1747e-80
6.68112e-83
3.59972e-85
1.83563e-87
8.8501e-90
4.02959e-92
1.73047e-94
6.99905e-97
2.66189e-99
9.50265e-102
3.17788e-104
9.93337e-107
2.89489e-109
7.84347e-112
1.96937e-114
4.56553e-117
9.73118e-120
1.89769e-122
3.36656e-125
5.39653e-128
7.7534e-131
9.8865e-134
1.10523e-136
1.06651e-139
8.70373e-143
5.84136e-146
3.09556e-149
1.21457e-152
3.1368e-156
4e-160
0
0
0
0
0
0
0
0
0
0
0
0
0
0
0
0
0
0
0
1.30136
0.420529
0.099064
0.0180803
0.00266843
0.000328421
3.44881e-05
3.14476e-06
2.5245e-07
1.80407e-08
1.15817e-09
6.73004e-11
3.56255e-12
1.72729e-13
7.70666e-15
3.17708e-16
1.2145e-17
4.31843e-19
1.43224e-20
4.44153e-22
1.29069e-23
3.52154e-25
9.03693e-27
2.18457e-28
4.98174e-30
1.07303e-31
2.18548e-33
4.21337e-35
7.69581e-37
1.33282e-38
2.19023e-40
3.41732e-42
5.06524e-44
7.13574e-46
9.55825e-48
1.21777e-49
1.47612e-51
1.70268e-53
1.86924e-55
1.95325e-57
1.94278e-59
1.83926e-61
1.65722e-63
1.42091e-65
1.15906e-67
8.99253e-70
6.63345e-72
4.65051e-74
3.09709e-76
1.95819e-78
1.1747e-80
6.68112e-83
3.59972e-85
1.83563e-87
8.8501e-90
4.02959e-92
1.73047e-94
6.99905e-97
2.66189e-99
9.50265e-102
3.17788e-104
9.93337e-107
2.89489e-109
7.84347e-112
1.96937e-114
4.56553e-117
9.73118e-120
1.89769e-122
3.36656e-125
5.39653e-128
7.7534e-131
9.8865e-134
1.10523e-136
1.06651e-139
8.70373e-143
5.84136e-146
3.09556e-149
1.21457e-152
3.1368e-156
4e-160
0
0
0
0
0
0
0
0
0
0
0
0
0
0
0
0
0
0
0
1.30136
0.420529
0.099064
0.0180803
0.00266843
0.000328421
3.44881e-05
3.14476e-06
2.5245e-07
1.80407e-08
1.15817e-09
6.73004e-11
3.56255e-12
1.72729e-13
7.70666e-15
3.17708e-16
1.2145e-17
4.31843e-19
1.43224e-20
4.44153e-22
1.29069e-23
3.52154e-25
9.03693e-27
2.18457e-28
4.98174e-30
1.07303e-31
2.18548e-33
4.21337e-35
7.69581e-37
1.33282e-38
2.19023e-40
3.41732e-42
5.06524e-44
7.13574e-46
9.55825e-48
1.21777e-49
1.47612e-51
1.70268e-53
1.86924e-55
1.95325e-57
1.94278e-59
1.83926e-61
1.65722e-63
1.42091e-65
1.15906e-67
8.99253e-70
6.63345e-72
4.65051e-74
3.09709e-76
1.95819e-78
1.1747e-80
6.68112e-83
3.59972e-85
1.83563e-87
8.8501e-90
4.02959e-92
1.73047e-94
6.99905e-97
2.66189e-99
9.50265e-102
3.17788e-104
9.93337e-107
2.89489e-109
7.84347e-112
1.96937e-114
4.56553e-117
9.73118e-120
1.89769e-122
3.36656e-125
5.39653e-128
7.7534e-131
9.8865e-134
1.10523e-136
1.06651e-139
8.70373e-143
5.84136e-146
3.09556e-149
1.21457e-152
3.1368e-156
4e-160
0
0
0
0
0
0
0
0
0
0
0
0
0
0
0
0
0
0
0
1.30136
0.420529
0.099064
0.0180803
0.00266843
0.000328421
3.44881e-05
3.14476e-06
2.5245e-07
1.80407e-08
1.15817e-09
6.73004e-11
3.56255e-12
1.72729e-13
7.70666e-15
3.17708e-16
1.2145e-17
4.31843e-19
1.43224e-20
4.44153e-22
1.29069e-23
3.52154e-25
9.03693e-27
2.18457e-28
4.98174e-30
1.07303e-31
2.18548e-33
4.21337e-35
7.69581e-37
1.33282e-38
2.19023e-40
3.41732e-42
5.06524e-44
7.13574e-46
9.55825e-48
1.21777e-49
1.47612e-51
1.70268e-53
1.86924e-55
1.95325e-57
1.94278e-59
1.83926e-61
1.65722e-63
1.42091e-65
1.15906e-67
8.99253e-70
6.63345e-72
4.65051e-74
3.09709e-76
1.95819e-78
1.1747e-80
6.68112e-83
3.59972e-85
1.83563e-87
8.8501e-90
4.02959e-92
1.73047e-94
6.99905e-97
2.66189e-99
9.50265e-102
3.17788e-104
9.93337e-107
2.89489e-109
7.84347e-112
1.96937e-114
4.56553e-117
9.73118e-120
1.89769e-122
3.36656e-125
5.39653e-128
7.7534e-131
9.8865e-134
1.10523e-136
1.06651e-139
8.70373e-143
5.84136e-146
3.09556e-149
1.21457e-152
3.1368e-156
4e-160
0
0
0
0
0
0
0
0
0
0
0
0
0
0
0
0
0
0
0
1.30136
0.420529
0.099064
0.0180803
0.00266843
0.000328421
3.44881e-05
3.14476e-06
2.5245e-07
1.80407e-08
1.15817e-09
6.73004e-11
3.56255e-12
1.72729e-13
7.70666e-15
3.17708e-16
1.2145e-17
4.31843e-19
1.43224e-20
4.44153e-22
1.29069e-23
3.52154e-25
9.03693e-27
2.18457e-28
4.98174e-30
1.07303e-31
2.18548e-33
4.21337e-35
7.69581e-37
1.33282e-38
2.19023e-40
3.41732e-42
5.06524e-44
7.13574e-46
9.55825e-48
1.21777e-49
1.47612e-51
1.70268e-53
1.86924e-55
1.95325e-57
1.94278e-59
1.83926e-61
1.65722e-63
1.42091e-65
1.15906e-67
8.99253e-70
6.63345e-72
4.65051e-74
3.09709e-76
1.95819e-78
1.1747e-80
6.68112e-83
3.59972e-85
1.83563e-87
8.8501e-90
4.02959e-92
1.73047e-94
6.99905e-97
2.66189e-99
9.50265e-102
3.17788e-104
9.93337e-107
2.89489e-109
7.84347e-112
1.96937e-114
4.56553e-117
9.73118e-120
1.89769e-122
3.36656e-125
5.39653e-128
7.7534e-131
9.8865e-134
1.10523e-136
1.06651e-139
8.70373e-143
5.84136e-146
3.09556e-149
1.21457e-152
3.1368e-156
4e-160
0
0
0
0
0
0
0
0
0
0
0
0
0
0
0
0
0
0
0
1.30136
0.420529
0.099064
0.0180803
0.00266843
0.000328421
3.44881e-05
3.14476e-06
2.5245e-07
1.80407e-08
1.15817e-09
6.73004e-11
3.56255e-12
1.72729e-13
7.70666e-15
3.17708e-16
1.2145e-17
4.31843e-19
1.43224e-20
4.44153e-22
1.29069e-23
3.52154e-25
9.03693e-27
2.18457e-28
4.98174e-30
1.07303e-31
2.18548e-33
4.21337e-35
7.69581e-37
1.33282e-38
2.19023e-40
3.41732e-42
5.06524e-44
7.13574e-46
9.55825e-48
1.21777e-49
1.47612e-51
1.70268e-53
1.86924e-55
1.95325e-57
1.94278e-59
1.83926e-61
1.65722e-63
1.42091e-65
1.15906e-67
8.99253e-70
6.63345e-72
4.65051e-74
3.09709e-76
1.95819e-78
1.1747e-80
6.68112e-83
3.59972e-85
1.83563e-87
8.8501e-90
4.02959e-92
1.73047e-94
6.99905e-97
2.66189e-99
9.50265e-102
3.17788e-104
9.93337e-107
2.89489e-109
7.84347e-112
1.96937e-114
4.56553e-117
9.73118e-120
1.89769e-122
3.36656e-125
5.39653e-128
7.7534e-131
9.8865e-134
1.10523e-136
1.06651e-139
8.70373e-143
5.84136e-146
3.09556e-149
1.21457e-152
3.1368e-156
4e-160
0
0
0
0
0
0
0
0
0
0
0
0
0
0
0
0
0
0
0
1.30136
0.420529
0.099064
0.0180803
0.00266843
0.000328421
3.44881e-05
3.14476e-06
2.5245e-07
1.80407e-08
1.15817e-09
6.73004e-11
3.56255e-12
1.72729e-13
7.70666e-15
3.17708e-16
1.2145e-17
4.31843e-19
1.43224e-20
4.44153e-22
1.29069e-23
3.52154e-25
9.03693e-27
2.18457e-28
4.98174e-30
1.07303e-31
2.18548e-33
4.21337e-35
7.69581e-37
1.33282e-38
2.19023e-40
3.41732e-42
5.06524e-44
7.13574e-46
9.55825e-48
1.21777e-49
1.47612e-51
1.70268e-53
1.86924e-55
1.95325e-57
1.94278e-59
1.83926e-61
1.65722e-63
1.42091e-65
1.15906e-67
8.99253e-70
6.63345e-72
4.65051e-74
3.09709e-76
1.95819e-78
1.1747e-80
6.68112e-83
3.59972e-85
1.83563e-87
8.8501e-90
4.02959e-92
1.73047e-94
6.99905e-97
2.66189e-99
9.50265e-102
3.17788e-104
9.93337e-107
2.89489e-109
7.84347e-112
1.96937e-114
4.56553e-117
9.73118e-120
1.89769e-122
3.36656e-125
5.39653e-128
7.7534e-131
9.8865e-134
1.10523e-136
1.06651e-139
8.70373e-143
5.84136e-146
3.09556e-149
1.21457e-152
3.1368e-156
4e-160
0
0
0
0
0
0
0
0
0
0
0
0
0
0
0
0
0
0
0
1.30136
0.420529
0.099064
0.0180803
0.00266843
0.000328421
3.44881e-05
3.14476e-06
2.5245e-07
1.80407e-08
1.15817e-09
6.73004e-11
3.56255e-12
1.72729e-13
7.70666e-15
3.17708e-16
1.2145e-17
4.31843e-19
1.43224e-20
4.44153e-22
1.29069e-23
3.52154e-25
9.03693e-27
2.18457e-28
4.98174e-30
1.07303e-31
2.18548e-33
4.21337e-35
7.69581e-37
1.33282e-38
2.19023e-40
3.41732e-42
5.06524e-44
7.13574e-46
9.55825e-48
1.21777e-49
1.47612e-51
1.70268e-53
1.86924e-55
1.95325e-57
1.94278e-59
1.83926e-61
1.65722e-63
1.42091e-65
1.15906e-67
8.99253e-70
6.63345e-72
4.65051e-74
3.09709e-76
1.95819e-78
1.1747e-80
6.68112e-83
3.59972e-85
1.83563e-87
8.8501e-90
4.02959e-92
1.73047e-94
6.99905e-97
2.66189e-99
9.50265e-102
3.17788e-104
9.93337e-107
2.89489e-109
7.84347e-112
1.96937e-114
4.56553e-117
9.73118e-120
1.89769e-122
3.36656e-125
5.39653e-128
7.7534e-131
9.8865e-134
1.10523e-136
1.06651e-139
8.70373e-143
5.84136e-146
3.09556e-149
1.21457e-152
3.1368e-156
4e-160
0
0
0
0
0
0
0
0
0
0
0
0
0
0
0
0
0
0
0
1.30136
0.420529
0.099064
0.0180803
0.00266843
0.000328421
3.44881e-05
3.14476e-06
2.5245e-07
1.80407e-08
1.15817e-09
6.73004e-11
3.56255e-12
1.72729e-13
7.70666e-15
3.17708e-16
1.2145e-17
4.31843e-19
1.43224e-20
4.44153e-22
1.29069e-23
3.52154e-25
9.03693e-27
2.18457e-28
4.98174e-30
1.07303e-31
2.18548e-33
4.21337e-35
7.69581e-37
1.33282e-38
2.19023e-40
3.41732e-42
5.06524e-44
7.13574e-46
9.55825e-48
1.21777e-49
1.47612e-51
1.70268e-53
1.86924e-55
1.95325e-57
1.94278e-59
1.83926e-61
1.65722e-63
1.42091e-65
1.15906e-67
8.99253e-70
6.63345e-72
4.65051e-74
3.09709e-76
1.95819e-78
1.1747e-80
6.68112e-83
3.59972e-85
1.83563e-87
8.8501e-90
4.02959e-92
1.73047e-94
6.99905e-97
2.66189e-99
9.50265e-102
3.17788e-104
9.93337e-107
2.89489e-109
7.84347e-112
1.96937e-114
4.56553e-117
9.73118e-120
1.89769e-122
3.36656e-125
5.39653e-128
7.7534e-131
9.8865e-134
1.10523e-136
1.06651e-139
8.70373e-143
5.84136e-146
3.09556e-149
1.21457e-152
3.1368e-156
4e-160
0
0
0
0
0
0
0
0
0
0
0
0
0
0
0
0
0
0
0
1.30136
0.420529
0.099064
0.0180803
0.00266843
0.000328421
3.44881e-05
3.14476e-06
2.5245e-07
1.80407e-08
1.15817e-09
6.73004e-11
3.56255e-12
1.72729e-13
7.70666e-15
3.17708e-16
1.2145e-17
4.31843e-19
1.43224e-20
4.44153e-22
1.29069e-23
3.52154e-25
9.03693e-27
2.18457e-28
4.98174e-30
1.07303e-31
2.18548e-33
4.21337e-35
7.69581e-37
1.33282e-38
2.19023e-40
3.41732e-42
5.06524e-44
7.13574e-46
9.55825e-48
1.21777e-49
1.47612e-51
1.70268e-53
1.86924e-55
1.95325e-57
1.94278e-59
1.83926e-61
1.65722e-63
1.42091e-65
1.15906e-67
8.99253e-70
6.63345e-72
4.65051e-74
3.09709e-76
1.95819e-78
1.1747e-80
6.68112e-83
3.59972e-85
1.83563e-87
8.8501e-90
4.02959e-92
1.73047e-94
6.99905e-97
2.66189e-99
9.50265e-102
3.17788e-104
9.93337e-107
2.89489e-109
7.84347e-112
1.96937e-114
4.56553e-117
9.73118e-120
1.89769e-122
3.36656e-125
5.39653e-128
7.7534e-131
9.8865e-134
1.10523e-136
1.06651e-139
8.70373e-143
5.84136e-146
3.09556e-149
1.21457e-152
3.1368e-156
4e-160
0
0
0
0
0
0
0
0
0
0
0
0
0
0
0
0
0
0
0
1.30136
0.420529
0.099064
0.0180803
0.00266843
0.000328421
3.44881e-05
3.14476e-06
2.5245e-07
1.80407e-08
1.15817e-09
6.73004e-11
3.56255e-12
1.72729e-13
7.70666e-15
3.17708e-16
1.2145e-17
4.31843e-19
1.43224e-20
4.44153e-22
1.29069e-23
3.52154e-25
9.03693e-27
2.18457e-28
4.98174e-30
1.07303e-31
2.18548e-33
4.21337e-35
7.69581e-37
1.33282e-38
2.19023e-40
3.41732e-42
5.06524e-44
7.13574e-46
9.55825e-48
1.21777e-49
1.47612e-51
1.70268e-53
1.86924e-55
1.95325e-57
1.94278e-59
1.83926e-61
1.65722e-63
1.42091e-65
1.15906e-67
8.99253e-70
6.63345e-72
4.65051e-74
3.09709e-76
1.95819e-78
1.1747e-80
6.68112e-83
3.59972e-85
1.83563e-87
8.8501e-90
4.02959e-92
1.73047e-94
6.99905e-97
2.66189e-99
9.50265e-102
3.17788e-104
9.93337e-107
2.89489e-109
7.84347e-112
1.96937e-114
4.56553e-117
9.73118e-120
1.89769e-122
3.36656e-125
5.39653e-128
7.7534e-131
9.8865e-134
1.10523e-136
1.06651e-139
8.70373e-143
5.84136e-146
3.09556e-149
1.21457e-152
3.1368e-156
4e-160
0
0
0
0
0
0
0
0
0
0
0
0
0
0
0
0
0
0
0
1.30136
0.420529
0.099064
0.0180803
0.00266843
0.000328421
3.44881e-05
3.14476e-06
2.5245e-07
1.80407e-08
1.15817e-09
6.73004e-11
3.56255e-12
1.72729e-13
7.70666e-15
3.17708e-16
1.2145e-17
4.31843e-19
1.43224e-20
4.44153e-22
1.29069e-23
3.52154e-25
9.03693e-27
2.18457e-28
4.98174e-30
1.07303e-31
2.18548e-33
4.21337e-35
7.69581e-37
1.33282e-38
2.19023e-40
3.41732e-42
5.06524e-44
7.13574e-46
9.55825e-48
1.21777e-49
1.47612e-51
1.70268e-53
1.86924e-55
1.95325e-57
1.94278e-59
1.83926e-61
1.65722e-63
1.42091e-65
1.15906e-67
8.99253e-70
6.63345e-72
4.65051e-74
3.09709e-76
1.95819e-78
1.1747e-80
6.68112e-83
3.59972e-85
1.83563e-87
8.8501e-90
4.02959e-92
1.73047e-94
6.99905e-97
2.66189e-99
9.50265e-102
3.17788e-104
9.93337e-107
2.89489e-109
7.84347e-112
1.96937e-114
4.56553e-117
9.73118e-120
1.89769e-122
3.36656e-125
5.39653e-128
7.7534e-131
9.8865e-134
1.10523e-136
1.06651e-139
8.70373e-143
5.84136e-146
3.09556e-149
1.21457e-152
3.1368e-156
4e-160
0
0
0
0
0
0
0
0
0
0
0
0
0
0
0
0
0
0
0
1.30136
0.420529
0.099064
0.0180803
0.00266843
0.000328421
3.44881e-05
3.14476e-06
2.5245e-07
1.80407e-08
1.15817e-09
6.73004e-11
3.56255e-12
1.72729e-13
7.70666e-15
3.17708e-16
1.2145e-17
4.31843e-19
1.43224e-20
4.44153e-22
1.29069e-23
3.52154e-25
9.03693e-27
2.18457e-28
4.98174e-30
1.07303e-31
2.18548e-33
4.21337e-35
7.69581e-37
1.33282e-38
2.19023e-40
3.41732e-42
5.06524e-44
7.13574e-46
9.55825e-48
1.21777e-49
1.47612e-51
1.70268e-53
1.86924e-55
1.95325e-57
1.94278e-59
1.83926e-61
1.65722e-63
1.42091e-65
1.15906e-67
8.99253e-70
6.63345e-72
4.65051e-74
3.09709e-76
1.95819e-78
1.1747e-80
6.68112e-83
3.59972e-85
1.83563e-87
8.8501e-90
4.02959e-92
1.73047e-94
6.99905e-97
2.66189e-99
9.50265e-102
3.17788e-104
9.93337e-107
2.89489e-109
7.84347e-112
1.96937e-114
4.56553e-117
9.73118e-120
1.89769e-122
3.36656e-125
5.39653e-128
7.7534e-131
9.8865e-134
1.10523e-136
1.06651e-139
8.70373e-143
5.84136e-146
3.09556e-149
1.21457e-152
3.1368e-156
4e-160
0
0
0
0
0
0
0
0
0
0
0
0
0
0
0
0
0
0
0
1.30136
0.420529
0.099064
0.0180803
0.00266843
0.000328421
3.44881e-05
3.14476e-06
2.5245e-07
1.80407e-08
1.15817e-09
6.73004e-11
3.56255e-12
1.72729e-13
7.70666e-15
3.17708e-16
1.2145e-17
4.31843e-19
1.43224e-20
4.44153e-22
1.29069e-23
3.52154e-25
9.03693e-27
2.18457e-28
4.98174e-30
1.07303e-31
2.18548e-33
4.21337e-35
7.69581e-37
1.33282e-38
2.19023e-40
3.41732e-42
5.06524e-44
7.13574e-46
9.55825e-48
1.21777e-49
1.47612e-51
1.70268e-53
1.86924e-55
1.95325e-57
1.94278e-59
1.83926e-61
1.65722e-63
1.42091e-65
1.15906e-67
8.99253e-70
6.63345e-72
4.65051e-74
3.09709e-76
1.95819e-78
1.1747e-80
6.68112e-83
3.59972e-85
1.83563e-87
8.8501e-90
4.02959e-92
1.73047e-94
6.99905e-97
2.66189e-99
9.50265e-102
3.17788e-104
9.93337e-107
2.89489e-109
7.84347e-112
1.96937e-114
4.56553e-117
9.73118e-120
1.89769e-122
3.36656e-125
5.39653e-128
7.7534e-131
9.8865e-134
1.10523e-136
1.06651e-139
8.70373e-143
5.84136e-146
3.09556e-149
1.21457e-152
3.1368e-156
4e-160
0
0
0
0
0
0
0
0
0
0
0
0
0
0
0
0
0
0
0
1.30136
0.420529
0.099064
0.0180803
0.00266843
0.000328421
3.44881e-05
3.14476e-06
2.5245e-07
1.80407e-08
1.15817e-09
6.73004e-11
3.56255e-12
1.72729e-13
7.70666e-15
3.17708e-16
1.2145e-17
4.31843e-19
1.43224e-20
4.44153e-22
1.29069e-23
3.52154e-25
9.03693e-27
2.18457e-28
4.98174e-30
1.07303e-31
2.18548e-33
4.21337e-35
7.69581e-37
1.33282e-38
2.19023e-40
3.41732e-42
5.06524e-44
7.13574e-46
9.55825e-48
1.21777e-49
1.47612e-51
1.70268e-53
1.86924e-55
1.95325e-57
1.94278e-59
1.83926e-61
1.65722e-63
1.42091e-65
1.15906e-67
8.99253e-70
6.63345e-72
4.65051e-74
3.09709e-76
1.95819e-78
1.1747e-80
6.68112e-83
3.59972e-85
1.83563e-87
8.8501e-90
4.02959e-92
1.73047e-94
6.99905e-97
2.66189e-99
9.50265e-102
3.17788e-104
9.93337e-107
2.89489e-109
7.84347e-112
1.96937e-114
4.56553e-117
9.73118e-120
1.89769e-122
3.36656e-125
5.39653e-128
7.7534e-131
9.8865e-134
1.10523e-136
1.06651e-139
8.70373e-143
5.84136e-146
3.09556e-149
1.21457e-152
3.1368e-156
4e-160
0
0
0
0
0
0
0
0
0
0
0
0
0
0
0
0
0
0
0
1.30136
0.420529
0.099064
0.0180803
0.00266843
0.000328421
3.44881e-05
3.14476e-06
2.5245e-07
1.80407e-08
1.15817e-09
6.73004e-11
3.56255e-12
1.72729e-13
7.70666e-15
3.17708e-16
1.2145e-17
4.31843e-19
1.43224e-20
4.44153e-22
1.29069e-23
3.52154e-25
9.03693e-27
2.18457e-28
4.98174e-30
1.07303e-31
2.18548e-33
4.21337e-35
7.69581e-37
1.33282e-38
2.19023e-40
3.41732e-42
5.06524e-44
7.13574e-46
9.55825e-48
1.21777e-49
1.47612e-51
1.70268e-53
1.86924e-55
1.95325e-57
1.94278e-59
1.83926e-61
1.65722e-63
1.42091e-65
1.15906e-67
8.99253e-70
6.63345e-72
4.65051e-74
3.09709e-76
1.95819e-78
1.1747e-80
6.68112e-83
3.59972e-85
1.83563e-87
8.8501e-90
4.02959e-92
1.73047e-94
6.99905e-97
2.66189e-99
9.50265e-102
3.17788e-104
9.93337e-107
2.89489e-109
7.84347e-112
1.96937e-114
4.56553e-117
9.73118e-120
1.89769e-122
3.36656e-125
5.39653e-128
7.7534e-131
9.8865e-134
1.10523e-136
1.06651e-139
8.70373e-143
5.84136e-146
3.09556e-149
1.21457e-152
3.1368e-156
4e-160
0
0
0
0
0
0
0
0
0
0
0
0
0
0
0
0
0
0
0
1.30136
0.420529
0.099064
0.0180803
0.00266843
0.000328421
3.44881e-05
3.14476e-06
2.5245e-07
1.80407e-08
1.15817e-09
6.73004e-11
3.56255e-12
1.72729e-13
7.70666e-15
3.17708e-16
1.2145e-17
4.31843e-19
1.43224e-20
4.44153e-22
1.29069e-23
3.52154e-25
9.03693e-27
2.18457e-28
4.98174e-30
1.07303e-31
2.18548e-33
4.21337e-35
7.69581e-37
1.33282e-38
2.19023e-40
3.41732e-42
5.06524e-44
7.13574e-46
9.55825e-48
1.21777e-49
1.47612e-51
1.70268e-53
1.86924e-55
1.95325e-57
1.94278e-59
1.83926e-61
1.65722e-63
1.42091e-65
1.15906e-67
8.99253e-70
6.63345e-72
4.65051e-74
3.09709e-76
1.95819e-78
1.1747e-80
6.68112e-83
3.59972e-85
1.83563e-87
8.8501e-90
4.02959e-92
1.73047e-94
6.99905e-97
2.66189e-99
9.50265e-102
3.17788e-104
9.93337e-107
2.89489e-109
7.84347e-112
1.96937e-114
4.56553e-117
9.73118e-120
1.89769e-122
3.36656e-125
5.39653e-128
7.7534e-131
9.8865e-134
1.10523e-136
1.06651e-139
8.70373e-143
5.84136e-146
3.09556e-149
1.21457e-152
3.1368e-156
4e-160
0
0
0
0
0
0
0
0
0
0
0
0
0
0
0
0
0
0
0
1.30136
0.420529
0.099064
0.0180803
0.00266843
0.000328421
3.44881e-05
3.14476e-06
2.5245e-07
1.80407e-08
1.15817e-09
6.73004e-11
3.56255e-12
1.72729e-13
7.70666e-15
3.17708e-16
1.2145e-17
4.31843e-19
1.43224e-20
4.44153e-22
1.29069e-23
3.52154e-25
9.03693e-27
2.18457e-28
4.98174e-30
1.07303e-31
2.18548e-33
4.21337e-35
7.69581e-37
1.33282e-38
2.19023e-40
3.41732e-42
5.06524e-44
7.13574e-46
9.55825e-48
1.21777e-49
1.47612e-51
1.70268e-53
1.86924e-55
1.95325e-57
1.94278e-59
1.83926e-61
1.65722e-63
1.42091e-65
1.15906e-67
8.99253e-70
6.63345e-72
4.65051e-74
3.09709e-76
1.95819e-78
1.1747e-80
6.68112e-83
3.59972e-85
1.83563e-87
8.8501e-90
4.02959e-92
1.73047e-94
6.99905e-97
2.66189e-99
9.50265e-102
3.17788e-104
9.93337e-107
2.89489e-109
7.84347e-112
1.96937e-114
4.56553e-117
9.73118e-120
1.89769e-122
3.36656e-125
5.39653e-128
7.7534e-131
9.8865e-134
1.10523e-136
1.06651e-139
8.70373e-143
5.84136e-146
3.09556e-149
1.21457e-152
3.1368e-156
4e-160
0
0
0
0
0
0
0
0
0
0
0
0
0
0
0
0
0
0
0
1.30136
0.420529
0.099064
0.0180803
0.00266843
0.000328421
3.44881e-05
3.14476e-06
2.5245e-07
1.80407e-08
1.15817e-09
6.73004e-11
3.56255e-12
1.72729e-13
7.70666e-15
3.17708e-16
1.2145e-17
4.31843e-19
1.43224e-20
4.44153e-22
1.29069e-23
3.52154e-25
9.03693e-27
2.18457e-28
4.98174e-30
1.07303e-31
2.18548e-33
4.21337e-35
7.69581e-37
1.33282e-38
2.19023e-40
3.41732e-42
5.06524e-44
7.13574e-46
9.55825e-48
1.21777e-49
1.47612e-51
1.70268e-53
1.86924e-55
1.95325e-57
1.94278e-59
1.83926e-61
1.65722e-63
1.42091e-65
1.15906e-67
8.99253e-70
6.63345e-72
4.65051e-74
3.09709e-76
1.95819e-78
1.1747e-80
6.68112e-83
3.59972e-85
1.83563e-87
8.8501e-90
4.02959e-92
1.73047e-94
6.99905e-97
2.66189e-99
9.50265e-102
3.17788e-104
9.93337e-107
2.89489e-109
7.84347e-112
1.96937e-114
4.56553e-117
9.73118e-120
1.89769e-122
3.36656e-125
5.39653e-128
7.7534e-131
9.8865e-134
1.10523e-136
1.06651e-139
8.70373e-143
5.84136e-146
3.09556e-149
1.21457e-152
3.1368e-156
4e-160
0
0
0
0
0
0
0
0
0
0
0
0
0
0
0
0
0
0
0
1.30136
0.420529
0.099064
0.0180803
0.00266843
0.000328421
3.44881e-05
3.14476e-06
2.5245e-07
1.80407e-08
1.15817e-09
6.73004e-11
3.56255e-12
1.72729e-13
7.70666e-15
3.17708e-16
1.2145e-17
4.31843e-19
1.43224e-20
4.44153e-22
1.29069e-23
3.52154e-25
9.03693e-27
2.18457e-28
4.98174e-30
1.07303e-31
2.18548e-33
4.21337e-35
7.69581e-37
1.33282e-38
2.19023e-40
3.41732e-42
5.06524e-44
7.13574e-46
9.55825e-48
1.21777e-49
1.47612e-51
1.70268e-53
1.86924e-55
1.95325e-57
1.94278e-59
1.83926e-61
1.65722e-63
1.42091e-65
1.15906e-67
8.99253e-70
6.63345e-72
4.65051e-74
3.09709e-76
1.95819e-78
1.1747e-80
6.68112e-83
3.59972e-85
1.83563e-87
8.8501e-90
4.02959e-92
1.73047e-94
6.99905e-97
2.66189e-99
9.50265e-102
3.17788e-104
9.93337e-107
2.89489e-109
7.84347e-112
1.96937e-114
4.56553e-117
9.73118e-120
1.89769e-122
3.36656e-125
5.39653e-128
7.7534e-131
9.8865e-134
1.10523e-136
1.06651e-139
8.70373e-143
5.84136e-146
3.09556e-149
1.21457e-152
3.1368e-156
4e-160
0
0
0
0
0
0
0
0
0
0
0
0
0
0
0
0
0
0
0
1.30136
0.420529
0.099064
0.0180803
0.00266843
0.000328421
3.44881e-05
3.14476e-06
2.5245e-07
1.80407e-08
1.15817e-09
6.73004e-11
3.56255e-12
1.72729e-13
7.70666e-15
3.17708e-16
1.2145e-17
4.31843e-19
1.43224e-20
4.44153e-22
1.29069e-23
3.52154e-25
9.03693e-27
2.18457e-28
4.98174e-30
1.07303e-31
2.18548e-33
4.21337e-35
7.69581e-37
1.33282e-38
2.19023e-40
3.41732e-42
5.06524e-44
7.13574e-46
9.55825e-48
1.21777e-49
1.47612e-51
1.70268e-53
1.86924e-55
1.95325e-57
1.94278e-59
1.83926e-61
1.65722e-63
1.42091e-65
1.15906e-67
8.99253e-70
6.63345e-72
4.65051e-74
3.09709e-76
1.95819e-78
1.1747e-80
6.68112e-83
3.59972e-85
1.83563e-87
8.8501e-90
4.02959e-92
1.73047e-94
6.99905e-97
2.66189e-99
9.50265e-102
3.17788e-104
9.93337e-107
2.89489e-109
7.84347e-112
1.96937e-114
4.56553e-117
9.73118e-120
1.89769e-122
3.36656e-125
5.39653e-128
7.7534e-131
9.8865e-134
1.10523e-136
1.06651e-139
8.70373e-143
5.84136e-146
3.09556e-149
1.21457e-152
3.1368e-156
4e-160
0
0
0
0
0
0
0
0
0
0
0
0
0
0
0
0
0
0
0
1.30136
0.420529
0.099064
0.0180803
0.00266843
0.000328421
3.44881e-05
3.14476e-06
2.5245e-07
1.80407e-08
1.15817e-09
6.73004e-11
3.56255e-12
1.72729e-13
7.70666e-15
3.17708e-16
1.2145e-17
4.31843e-19
1.43224e-20
4.44153e-22
1.29069e-23
3.52154e-25
9.03693e-27
2.18457e-28
4.98174e-30
1.07303e-31
2.18548e-33
4.21337e-35
7.69581e-37
1.33282e-38
2.19023e-40
3.41732e-42
5.06524e-44
7.13574e-46
9.55825e-48
1.21777e-49
1.47612e-51
1.70268e-53
1.86924e-55
1.95325e-57
1.94278e-59
1.83926e-61
1.65722e-63
1.42091e-65
1.15906e-67
8.99253e-70
6.63345e-72
4.65051e-74
3.09709e-76
1.95819e-78
1.1747e-80
6.68112e-83
3.59972e-85
1.83563e-87
8.8501e-90
4.02959e-92
1.73047e-94
6.99905e-97
2.66189e-99
9.50265e-102
3.17788e-104
9.93337e-107
2.89489e-109
7.84347e-112
1.96937e-114
4.56553e-117
9.73118e-120
1.89769e-122
3.36656e-125
5.39653e-128
7.7534e-131
9.8865e-134
1.10523e-136
1.06651e-139
8.70373e-143
5.84136e-146
3.09556e-149
1.21457e-152
3.1368e-156
4e-160
0
0
0
0
0
0
0
0
0
0
0
0
0
0
0
0
0
0
0
1.30136
0.420529
0.099064
0.0180803
0.00266843
0.000328421
3.44881e-05
3.14476e-06
2.5245e-07
1.80407e-08
1.15817e-09
6.73004e-11
3.56255e-12
1.72729e-13
7.70666e-15
3.17708e-16
1.2145e-17
4.31843e-19
1.43224e-20
4.44153e-22
1.29069e-23
3.52154e-25
9.03693e-27
2.18457e-28
4.98174e-30
1.07303e-31
2.18548e-33
4.21337e-35
7.69581e-37
1.33282e-38
2.19023e-40
3.41732e-42
5.06524e-44
7.13574e-46
9.55825e-48
1.21777e-49
1.47612e-51
1.70268e-53
1.86924e-55
1.95325e-57
1.94278e-59
1.83926e-61
1.65722e-63
1.42091e-65
1.15906e-67
8.99253e-70
6.63345e-72
4.65051e-74
3.09709e-76
1.95819e-78
1.1747e-80
6.68112e-83
3.59972e-85
1.83563e-87
8.8501e-90
4.02959e-92
1.73047e-94
6.99905e-97
2.66189e-99
9.50265e-102
3.17788e-104
9.93337e-107
2.89489e-109
7.84347e-112
1.96937e-114
4.56553e-117
9.73118e-120
1.89769e-122
3.36656e-125
5.39653e-128
7.7534e-131
9.8865e-134
1.10523e-136
1.06651e-139
8.70373e-143
5.84136e-146
3.09556e-149
1.21457e-152
3.1368e-156
4e-160
0
0
0
0
0
0
0
0
0
0
0
0
0
0
0
0
0
0
0
1.30136
0.420529
0.099064
0.0180803
0.00266843
0.000328421
3.44881e-05
3.14476e-06
2.5245e-07
1.80407e-08
1.15817e-09
6.73004e-11
3.56255e-12
1.72729e-13
7.70666e-15
3.17708e-16
1.2145e-17
4.31843e-19
1.43224e-20
4.44153e-22
1.29069e-23
3.52154e-25
9.03693e-27
2.18457e-28
4.98174e-30
1.07303e-31
2.18548e-33
4.21337e-35
7.69581e-37
1.33282e-38
2.19023e-40
3.41732e-42
5.06524e-44
7.13574e-46
9.55825e-48
1.21777e-49
1.47612e-51
1.70268e-53
1.86924e-55
1.95325e-57
1.94278e-59
1.83926e-61
1.65722e-63
1.42091e-65
1.15906e-67
8.99253e-70
6.63345e-72
4.65051e-74
3.09709e-76
1.95819e-78
1.1747e-80
6.68112e-83
3.59972e-85
1.83563e-87
8.8501e-90
4.02959e-92
1.73047e-94
6.99905e-97
2.66189e-99
9.50265e-102
3.17788e-104
9.93337e-107
2.89489e-109
7.84347e-112
1.96937e-114
4.56553e-117
9.73118e-120
1.89769e-122
3.36656e-125
5.39653e-128
7.7534e-131
9.8865e-134
1.10523e-136
1.06651e-139
8.70373e-143
5.84136e-146
3.09556e-149
1.21457e-152
3.1368e-156
4e-160
0
0
0
0
0
0
0
0
0
0
0
0
0
0
0
0
0
0
0
1.30136
0.420529
0.099064
0.0180803
0.00266843
0.000328421
3.44881e-05
3.14476e-06
2.5245e-07
1.80407e-08
1.15817e-09
6.73004e-11
3.56255e-12
1.72729e-13
7.70666e-15
3.17708e-16
1.2145e-17
4.31843e-19
1.43224e-20
4.44153e-22
1.29069e-23
3.52154e-25
9.03693e-27
2.18457e-28
4.98174e-30
1.07303e-31
2.18548e-33
4.21337e-35
7.69581e-37
1.33282e-38
2.19023e-40
3.41732e-42
5.06524e-44
7.13574e-46
9.55825e-48
1.21777e-49
1.47612e-51
1.70268e-53
1.86924e-55
1.95325e-57
1.94278e-59
1.83926e-61
1.65722e-63
1.42091e-65
1.15906e-67
8.99253e-70
6.63345e-72
4.65051e-74
3.09709e-76
1.95819e-78
1.1747e-80
6.68112e-83
3.59972e-85
1.83563e-87
8.8501e-90
4.02959e-92
1.73047e-94
6.99905e-97
2.66189e-99
9.50265e-102
3.17788e-104
9.93337e-107
2.89489e-109
7.84347e-112
1.96937e-114
4.56553e-117
9.73118e-120
1.89769e-122
3.36656e-125
5.39653e-128
7.7534e-131
9.8865e-134
1.10523e-136
1.06651e-139
8.70373e-143
5.84136e-146
3.09556e-149
1.21457e-152
3.1368e-156
4e-160
0
0
0
0
0
0
0
0
0
0
0
0
0
0
0
0
0
0
0
1.30136
0.420529
0.099064
0.0180803
0.00266843
0.000328421
3.44881e-05
3.14476e-06
2.5245e-07
1.80407e-08
1.15817e-09
6.73004e-11
3.56255e-12
1.72729e-13
7.70666e-15
3.17708e-16
1.2145e-17
4.31843e-19
1.43224e-20
4.44153e-22
1.29069e-23
3.52154e-25
9.03693e-27
2.18457e-28
4.98174e-30
1.07303e-31
2.18548e-33
4.21337e-35
7.69581e-37
1.33282e-38
2.19023e-40
3.41732e-42
5.06524e-44
7.13574e-46
9.55825e-48
1.21777e-49
1.47612e-51
1.70268e-53
1.86924e-55
1.95325e-57
1.94278e-59
1.83926e-61
1.65722e-63
1.42091e-65
1.15906e-67
8.99253e-70
6.63345e-72
4.65051e-74
3.09709e-76
1.95819e-78
1.1747e-80
6.68112e-83
3.59972e-85
1.83563e-87
8.8501e-90
4.02959e-92
1.73047e-94
6.99905e-97
2.66189e-99
9.50265e-102
3.17788e-104
9.93337e-107
2.89489e-109
7.84347e-112
1.96937e-114
4.56553e-117
9.73118e-120
1.89769e-122
3.36656e-125
5.39653e-128
7.7534e-131
9.8865e-134
1.10523e-136
1.06651e-139
8.70373e-143
5.84136e-146
3.09556e-149
1.21457e-152
3.1368e-156
4e-160
0
0
0
0
0
0
0
0
0
0
0
0
0
0
0
0
0
0
0
1.30136
0.420529
0.099064
0.0180803
0.00266843
0.000328421
3.44881e-05
3.14476e-06
2.5245e-07
1.80407e-08
1.15817e-09
6.73004e-11
3.56255e-12
1.72729e-13
7.70666e-15
3.17708e-16
1.2145e-17
4.31843e-19
1.43224e-20
4.44153e-22
1.29069e-23
3.52154e-25
9.03693e-27
2.18457e-28
4.98174e-30
1.07303e-31
2.18548e-33
4.21337e-35
7.69581e-37
1.33282e-38
2.19023e-40
3.41732e-42
5.06524e-44
7.13574e-46
9.55825e-48
1.21777e-49
1.47612e-51
1.70268e-53
1.86924e-55
1.95325e-57
1.94278e-59
1.83926e-61
1.65722e-63
1.42091e-65
1.15906e-67
8.99253e-70
6.63345e-72
4.65051e-74
3.09709e-76
1.95819e-78
1.1747e-80
6.68112e-83
3.59972e-85
1.83563e-87
8.8501e-90
4.02959e-92
1.73047e-94
6.99905e-97
2.66189e-99
9.50265e-102
3.17788e-104
9.93337e-107
2.89489e-109
7.84347e-112
1.96937e-114
4.56553e-117
9.73118e-120
1.89769e-122
3.36656e-125
5.39653e-128
7.7534e-131
9.8865e-134
1.10523e-136
1.06651e-139
8.70373e-143
5.84136e-146
3.09556e-149
1.21457e-152
3.1368e-156
4e-160
0
0
0
0
0
0
0
0
0
0
0
0
0
0
0
0
0
0
0
1.30136
0.420529
0.099064
0.0180803
0.00266843
0.000328421
3.44881e-05
3.14476e-06
2.5245e-07
1.80407e-08
1.15817e-09
6.73004e-11
3.56255e-12
1.72729e-13
7.70666e-15
3.17708e-16
1.2145e-17
4.31843e-19
1.43224e-20
4.44153e-22
1.29069e-23
3.52154e-25
9.03693e-27
2.18457e-28
4.98174e-30
1.07303e-31
2.18548e-33
4.21337e-35
7.69581e-37
1.33282e-38
2.19023e-40
3.41732e-42
5.06524e-44
7.13574e-46
9.55825e-48
1.21777e-49
1.47612e-51
1.70268e-53
1.86924e-55
1.95325e-57
1.94278e-59
1.83926e-61
1.65722e-63
1.42091e-65
1.15906e-67
8.99253e-70
6.63345e-72
4.65051e-74
3.09709e-76
1.95819e-78
1.1747e-80
6.68112e-83
3.59972e-85
1.83563e-87
8.8501e-90
4.02959e-92
1.73047e-94
6.99905e-97
2.66189e-99
9.50265e-102
3.17788e-104
9.93337e-107
2.89489e-109
7.84347e-112
1.96937e-114
4.56553e-117
9.73118e-120
1.89769e-122
3.36656e-125
5.39653e-128
7.7534e-131
9.8865e-134
1.10523e-136
1.06651e-139
8.70373e-143
5.84136e-146
3.09556e-149
1.21457e-152
3.1368e-156
4e-160
0
0
0
0
0
0
0
0
0
0
0
0
0
0
0
0
0
0
0
1.30136
0.420529
0.099064
0.0180803
0.00266843
0.000328421
3.44881e-05
3.14476e-06
2.5245e-07
1.80407e-08
1.15817e-09
6.73004e-11
3.56255e-12
1.72729e-13
7.70666e-15
3.17708e-16
1.2145e-17
4.31843e-19
1.43224e-20
4.44153e-22
1.29069e-23
3.52154e-25
9.03693e-27
2.18457e-28
4.98174e-30
1.07303e-31
2.18548e-33
4.21337e-35
7.69581e-37
1.33282e-38
2.19023e-40
3.41732e-42
5.06524e-44
7.13574e-46
9.55825e-48
1.21777e-49
1.47612e-51
1.70268e-53
1.86924e-55
1.95325e-57
1.94278e-59
1.83926e-61
1.65722e-63
1.42091e-65
1.15906e-67
8.99253e-70
6.63345e-72
4.65051e-74
3.09709e-76
1.95819e-78
1.1747e-80
6.68112e-83
3.59972e-85
1.83563e-87
8.8501e-90
4.02959e-92
1.73047e-94
6.99905e-97
2.66189e-99
9.50265e-102
3.17788e-104
9.93337e-107
2.89489e-109
7.84347e-112
1.96937e-114
4.56553e-117
9.73118e-120
1.89769e-122
3.36656e-125
5.39653e-128
7.7534e-131
9.8865e-134
1.10523e-136
1.06651e-139
8.70373e-143
5.84136e-146
3.09556e-149
1.21457e-152
3.1368e-156
4e-160
0
0
0
0
0
0
0
0
0
0
0
0
0
0
0
0
0
0
0
1.30136
0.420529
0.099064
0.0180803
0.00266843
0.000328421
3.44881e-05
3.14476e-06
2.5245e-07
1.80407e-08
1.15817e-09
6.73004e-11
3.56255e-12
1.72729e-13
7.70666e-15
3.17708e-16
1.2145e-17
4.31843e-19
1.43224e-20
4.44153e-22
1.29069e-23
3.52154e-25
9.03693e-27
2.18457e-28
4.98174e-30
1.07303e-31
2.18548e-33
4.21337e-35
7.69581e-37
1.33282e-38
2.19023e-40
3.41732e-42
5.06524e-44
7.13574e-46
9.55825e-48
1.21777e-49
1.47612e-51
1.70268e-53
1.86924e-55
1.95325e-57
1.94278e-59
1.83926e-61
1.65722e-63
1.42091e-65
1.15906e-67
8.99253e-70
6.63345e-72
4.65051e-74
3.09709e-76
1.95819e-78
1.1747e-80
6.68112e-83
3.59972e-85
1.83563e-87
8.8501e-90
4.02959e-92
1.73047e-94
6.99905e-97
2.66189e-99
9.50265e-102
3.17788e-104
9.93337e-107
2.89489e-109
7.84347e-112
1.96937e-114
4.56553e-117
9.73118e-120
1.89769e-122
3.36656e-125
5.39653e-128
7.7534e-131
9.8865e-134
1.10523e-136
1.06651e-139
8.70373e-143
5.84136e-146
3.09556e-149
1.21457e-152
3.1368e-156
4e-160
0
0
0
0
0
0
0
0
0
0
0
0
0
0
0
0
0
0
0
1.30136
0.420529
0.099064
0.0180803
0.00266843
0.000328421
3.44881e-05
3.14476e-06
2.5245e-07
1.80407e-08
1.15817e-09
6.73004e-11
3.56255e-12
1.72729e-13
7.70666e-15
3.17708e-16
1.2145e-17
4.31843e-19
1.43224e-20
4.44153e-22
1.29069e-23
3.52154e-25
9.03693e-27
2.18457e-28
4.98174e-30
1.07303e-31
2.18548e-33
4.21337e-35
7.69581e-37
1.33282e-38
2.19023e-40
3.41732e-42
5.06524e-44
7.13574e-46
9.55825e-48
1.21777e-49
1.47612e-51
1.70268e-53
1.86924e-55
1.95325e-57
1.94278e-59
1.83926e-61
1.65722e-63
1.42091e-65
1.15906e-67
8.99253e-70
6.63345e-72
4.65051e-74
3.09709e-76
1.95819e-78
1.1747e-80
6.68112e-83
3.59972e-85
1.83563e-87
8.8501e-90
4.02959e-92
1.73047e-94
6.99905e-97
2.66189e-99
9.50265e-102
3.17788e-104
9.93337e-107
2.89489e-109
7.84347e-112
1.96937e-114
4.56553e-117
9.73118e-120
1.89769e-122
3.36656e-125
5.39653e-128
7.7534e-131
9.8865e-134
1.10523e-136
1.06651e-139
8.70373e-143
5.84136e-146
3.09556e-149
1.21457e-152
3.1368e-156
4e-160
0
0
0
0
0
0
0
0
0
0
0
0
0
0
0
0
0
0
0
1.30136
0.420529
0.099064
0.0180803
0.00266843
0.000328421
3.44881e-05
3.14476e-06
2.5245e-07
1.80407e-08
1.15817e-09
6.73004e-11
3.56255e-12
1.72729e-13
7.70666e-15
3.17708e-16
1.2145e-17
4.31843e-19
1.43224e-20
4.44153e-22
1.29069e-23
3.52154e-25
9.03693e-27
2.18457e-28
4.98174e-30
1.07303e-31
2.18548e-33
4.21337e-35
7.69581e-37
1.33282e-38
2.19023e-40
3.41732e-42
5.06524e-44
7.13574e-46
9.55825e-48
1.21777e-49
1.47612e-51
1.70268e-53
1.86924e-55
1.95325e-57
1.94278e-59
1.83926e-61
1.65722e-63
1.42091e-65
1.15906e-67
8.99253e-70
6.63345e-72
4.65051e-74
3.09709e-76
1.95819e-78
1.1747e-80
6.68112e-83
3.59972e-85
1.83563e-87
8.8501e-90
4.02959e-92
1.73047e-94
6.99905e-97
2.66189e-99
9.50265e-102
3.17788e-104
9.93337e-107
2.89489e-109
7.84347e-112
1.96937e-114
4.56553e-117
9.73118e-120
1.89769e-122
3.36656e-125
5.39653e-128
7.7534e-131
9.8865e-134
1.10523e-136
1.06651e-139
8.70373e-143
5.84136e-146
3.09556e-149
1.21457e-152
3.1368e-156
4e-160
0
0
0
0
0
0
0
0
0
0
0
0
0
0
0
0
0
0
0
1.30136
0.420529
0.099064
0.0180803
0.00266843
0.000328421
3.44881e-05
3.14476e-06
2.5245e-07
1.80407e-08
1.15817e-09
6.73004e-11
3.56255e-12
1.72729e-13
7.70666e-15
3.17708e-16
1.2145e-17
4.31843e-19
1.43224e-20
4.44153e-22
1.29069e-23
3.52154e-25
9.03693e-27
2.18457e-28
4.98174e-30
1.07303e-31
2.18548e-33
4.21337e-35
7.69581e-37
1.33282e-38
2.19023e-40
3.41732e-42
5.06524e-44
7.13574e-46
9.55825e-48
1.21777e-49
1.47612e-51
1.70268e-53
1.86924e-55
1.95325e-57
1.94278e-59
1.83926e-61
1.65722e-63
1.42091e-65
1.15906e-67
8.99253e-70
6.63345e-72
4.65051e-74
3.09709e-76
1.95819e-78
1.1747e-80
6.68112e-83
3.59972e-85
1.83563e-87
8.8501e-90
4.02959e-92
1.73047e-94
6.99905e-97
2.66189e-99
9.50265e-102
3.17788e-104
9.93337e-107
2.89489e-109
7.84347e-112
1.96937e-114
4.56553e-117
9.73118e-120
1.89769e-122
3.36656e-125
5.39653e-128
7.7534e-131
9.8865e-134
1.10523e-136
1.06651e-139
8.70373e-143
5.84136e-146
3.09556e-149
1.21457e-152
3.1368e-156
4e-160
0
0
0
0
0
0
0
0
0
0
0
0
0
0
0
0
0
0
0
1.30136
0.420529
0.099064
0.0180803
0.00266843
0.000328421
3.44881e-05
3.14476e-06
2.5245e-07
1.80407e-08
1.15817e-09
6.73004e-11
3.56255e-12
1.72729e-13
7.70666e-15
3.17708e-16
1.2145e-17
4.31843e-19
1.43224e-20
4.44153e-22
1.29069e-23
3.52154e-25
9.03693e-27
2.18457e-28
4.98174e-30
1.07303e-31
2.18548e-33
4.21337e-35
7.69581e-37
1.33282e-38
2.19023e-40
3.41732e-42
5.06524e-44
7.13574e-46
9.55825e-48
1.21777e-49
1.47612e-51
1.70268e-53
1.86924e-55
1.95325e-57
1.94278e-59
1.83926e-61
1.65722e-63
1.42091e-65
1.15906e-67
8.99253e-70
6.63345e-72
4.65051e-74
3.09709e-76
1.95819e-78
1.1747e-80
6.68112e-83
3.59972e-85
1.83563e-87
8.8501e-90
4.02959e-92
1.73047e-94
6.99905e-97
2.66189e-99
9.50265e-102
3.17788e-104
9.93337e-107
2.89489e-109
7.84347e-112
1.96937e-114
4.56553e-117
9.73118e-120
1.89769e-122
3.36656e-125
5.39653e-128
7.7534e-131
9.8865e-134
1.10523e-136
1.06651e-139
8.70373e-143
5.84136e-146
3.09556e-149
1.21457e-152
3.1368e-156
4e-160
0
0
0
0
0
0
0
0
0
0
0
0
0
0
0
0
0
0
0
1.30136
0.420529
0.099064
0.0180803
0.00266843
0.000328421
3.44881e-05
3.14476e-06
2.5245e-07
1.80407e-08
1.15817e-09
6.73004e-11
3.56255e-12
1.72729e-13
7.70666e-15
3.17708e-16
1.2145e-17
4.31843e-19
1.43224e-20
4.44153e-22
1.29069e-23
3.52154e-25
9.03693e-27
2.18457e-28
4.98174e-30
1.07303e-31
2.18548e-33
4.21337e-35
7.69581e-37
1.33282e-38
2.19023e-40
3.41732e-42
5.06524e-44
7.13574e-46
9.55825e-48
1.21777e-49
1.47612e-51
1.70268e-53
1.86924e-55
1.95325e-57
1.94278e-59
1.83926e-61
1.65722e-63
1.42091e-65
1.15906e-67
8.99253e-70
6.63345e-72
4.65051e-74
3.09709e-76
1.95819e-78
1.1747e-80
6.68112e-83
3.59972e-85
1.83563e-87
8.8501e-90
4.02959e-92
1.73047e-94
6.99905e-97
2.66189e-99
9.50265e-102
3.17788e-104
9.93337e-107
2.89489e-109
7.84347e-112
1.96937e-114
4.56553e-117
9.73118e-120
1.89769e-122
3.36656e-125
5.39653e-128
7.7534e-131
9.8865e-134
1.10523e-136
1.06651e-139
8.70373e-143
5.84136e-146
3.09556e-149
1.21457e-152
3.1368e-156
4e-160
0
0
0
0
0
0
0
0
0
0
0
0
0
0
0
0
0
0
0
1.30136
0.420529
0.099064
0.0180803
0.00266843
0.000328421
3.44881e-05
3.14476e-06
2.5245e-07
1.80407e-08
1.15817e-09
6.73004e-11
3.56255e-12
1.72729e-13
7.70666e-15
3.17708e-16
1.2145e-17
4.31843e-19
1.43224e-20
4.44153e-22
1.29069e-23
3.52154e-25
9.03693e-27
2.18457e-28
4.98174e-30
1.07303e-31
2.18548e-33
4.21337e-35
7.69581e-37
1.33282e-38
2.19023e-40
3.41732e-42
5.06524e-44
7.13574e-46
9.55825e-48
1.21777e-49
1.47612e-51
1.70268e-53
1.86924e-55
1.95325e-57
1.94278e-59
1.83926e-61
1.65722e-63
1.42091e-65
1.15906e-67
8.99253e-70
6.63345e-72
4.65051e-74
3.09709e-76
1.95819e-78
1.1747e-80
6.68112e-83
3.59972e-85
1.83563e-87
8.8501e-90
4.02959e-92
1.73047e-94
6.99905e-97
2.66189e-99
9.50265e-102
3.17788e-104
9.93337e-107
2.89489e-109
7.84347e-112
1.96937e-114
4.56553e-117
9.73118e-120
1.89769e-122
3.36656e-125
5.39653e-128
7.7534e-131
9.8865e-134
1.10523e-136
1.06651e-139
8.70373e-143
5.84136e-146
3.09556e-149
1.21457e-152
3.1368e-156
4e-160
0
0
0
0
0
0
0
0
0
0
0
0
0
0
0
0
0
0
0
1.30136
0.420529
0.099064
0.0180803
0.00266843
0.000328421
3.44881e-05
3.14476e-06
2.5245e-07
1.80407e-08
1.15817e-09
6.73004e-11
3.56255e-12
1.72729e-13
7.70666e-15
3.17708e-16
1.2145e-17
4.31843e-19
1.43224e-20
4.44153e-22
1.29069e-23
3.52154e-25
9.03693e-27
2.18457e-28
4.98174e-30
1.07303e-31
2.18548e-33
4.21337e-35
7.69581e-37
1.33282e-38
2.19023e-40
3.41732e-42
5.06524e-44
7.13574e-46
9.55825e-48
1.21777e-49
1.47612e-51
1.70268e-53
1.86924e-55
1.95325e-57
1.94278e-59
1.83926e-61
1.65722e-63
1.42091e-65
1.15906e-67
8.99253e-70
6.63345e-72
4.65051e-74
3.09709e-76
1.95819e-78
1.1747e-80
6.68112e-83
3.59972e-85
1.83563e-87
8.8501e-90
4.02959e-92
1.73047e-94
6.99905e-97
2.66189e-99
9.50265e-102
3.17788e-104
9.93337e-107
2.89489e-109
7.84347e-112
1.96937e-114
4.56553e-117
9.73118e-120
1.89769e-122
3.36656e-125
5.39653e-128
7.7534e-131
9.8865e-134
1.10523e-136
1.06651e-139
8.70373e-143
5.84136e-146
3.09556e-149
1.21457e-152
3.1368e-156
4e-160
0
0
0
0
0
0
0
0
0
0
0
0
0
0
0
0
0
0
0
1.30136
0.420529
0.099064
0.0180803
0.00266843
0.000328421
3.44881e-05
3.14476e-06
2.5245e-07
1.80407e-08
1.15817e-09
6.73004e-11
3.56255e-12
1.72729e-13
7.70666e-15
3.17708e-16
1.2145e-17
4.31843e-19
1.43224e-20
4.44153e-22
1.29069e-23
3.52154e-25
9.03693e-27
2.18457e-28
4.98174e-30
1.07303e-31
2.18548e-33
4.21337e-35
7.69581e-37
1.33282e-38
2.19023e-40
3.41732e-42
5.06524e-44
7.13574e-46
9.55825e-48
1.21777e-49
1.47612e-51
1.70268e-53
1.86924e-55
1.95325e-57
1.94278e-59
1.83926e-61
1.65722e-63
1.42091e-65
1.15906e-67
8.99253e-70
6.63345e-72
4.65051e-74
3.09709e-76
1.95819e-78
1.1747e-80
6.68112e-83
3.59972e-85
1.83563e-87
8.8501e-90
4.02959e-92
1.73047e-94
6.99905e-97
2.66189e-99
9.50265e-102
3.17788e-104
9.93337e-107
2.89489e-109
7.84347e-112
1.96937e-114
4.56553e-117
9.73118e-120
1.89769e-122
3.36656e-125
5.39653e-128
7.7534e-131
9.8865e-134
1.10523e-136
1.06651e-139
8.70373e-143
5.84136e-146
3.09556e-149
1.21457e-152
3.1368e-156
4e-160
0
0
0
0
0
0
0
0
0
0
0
0
0
0
0
0
0
0
0
1.30136
0.420529
0.099064
0.0180803
0.00266843
0.000328421
3.44881e-05
3.14476e-06
2.5245e-07
1.80407e-08
1.15817e-09
6.73004e-11
3.56255e-12
1.72729e-13
7.70666e-15
3.17708e-16
1.2145e-17
4.31843e-19
1.43224e-20
4.44153e-22
1.29069e-23
3.52154e-25
9.03693e-27
2.18457e-28
4.98174e-30
1.07303e-31
2.18548e-33
4.21337e-35
7.69581e-37
1.33282e-38
2.19023e-40
3.41732e-42
5.06524e-44
7.13574e-46
9.55825e-48
1.21777e-49
1.47612e-51
1.70268e-53
1.86924e-55
1.95325e-57
1.94278e-59
1.83926e-61
1.65722e-63
1.42091e-65
1.15906e-67
8.99253e-70
6.63345e-72
4.65051e-74
3.09709e-76
1.95819e-78
1.1747e-80
6.68112e-83
3.59972e-85
1.83563e-87
8.8501e-90
4.02959e-92
1.73047e-94
6.99905e-97
2.66189e-99
9.50265e-102
3.17788e-104
9.93337e-107
2.89489e-109
7.84347e-112
1.96937e-114
4.56553e-117
9.73118e-120
1.89769e-122
3.36656e-125
5.39653e-128
7.7534e-131
9.8865e-134
1.10523e-136
1.06651e-139
8.70373e-143
5.84136e-146
3.09556e-149
1.21457e-152
3.1368e-156
4e-160
0
0
0
0
0
0
0
0
0
0
0
0
0
0
0
0
0
0
0
1.30136
0.420529
0.099064
0.0180803
0.00266843
0.000328421
3.44881e-05
3.14476e-06
2.5245e-07
1.80407e-08
1.15817e-09
6.73004e-11
3.56255e-12
1.72729e-13
7.70666e-15
3.17708e-16
1.2145e-17
4.31843e-19
1.43224e-20
4.44153e-22
1.29069e-23
3.52154e-25
9.03693e-27
2.18457e-28
4.98174e-30
1.07303e-31
2.18548e-33
4.21337e-35
7.69581e-37
1.33282e-38
2.19023e-40
3.41732e-42
5.06524e-44
7.13574e-46
9.55825e-48
1.21777e-49
1.47612e-51
1.70268e-53
1.86924e-55
1.95325e-57
1.94278e-59
1.83926e-61
1.65722e-63
1.42091e-65
1.15906e-67
8.99253e-70
6.63345e-72
4.65051e-74
3.09709e-76
1.95819e-78
1.1747e-80
6.68112e-83
3.59972e-85
1.83563e-87
8.8501e-90
4.02959e-92
1.73047e-94
6.99905e-97
2.66189e-99
9.50265e-102
3.17788e-104
9.93337e-107
2.89489e-109
7.84347e-112
1.96937e-114
4.56553e-117
9.73118e-120
1.89769e-122
3.36656e-125
5.39653e-128
7.7534e-131
9.8865e-134
1.10523e-136
1.06651e-139
8.70373e-143
5.84136e-146
3.09556e-149
1.21457e-152
3.1368e-156
4e-160
0
0
0
0
0
0
0
0
0
0
0
0
0
0
0
0
0
0
0
1.30136
0.420529
0.099064
0.0180803
0.00266843
0.000328421
3.44881e-05
3.14476e-06
2.5245e-07
1.80407e-08
1.15817e-09
6.73004e-11
3.56255e-12
1.72729e-13
7.70666e-15
3.17708e-16
1.2145e-17
4.31843e-19
1.43224e-20
4.44153e-22
1.29069e-23
3.52154e-25
9.03693e-27
2.18457e-28
4.98174e-30
1.07303e-31
2.18548e-33
4.21337e-35
7.69581e-37
1.33282e-38
2.19023e-40
3.41732e-42
5.06524e-44
7.13574e-46
9.55825e-48
1.21777e-49
1.47612e-51
1.70268e-53
1.86924e-55
1.95325e-57
1.94278e-59
1.83926e-61
1.65722e-63
1.42091e-65
1.15906e-67
8.99253e-70
6.63345e-72
4.65051e-74
3.09709e-76
1.95819e-78
1.1747e-80
6.68112e-83
3.59972e-85
1.83563e-87
8.8501e-90
4.02959e-92
1.73047e-94
6.99905e-97
2.66189e-99
9.50265e-102
3.17788e-104
9.93337e-107
2.89489e-109
7.84347e-112
1.96937e-114
4.56553e-117
9.73118e-120
1.89769e-122
3.36656e-125
5.39653e-128
7.7534e-131
9.8865e-134
1.10523e-136
1.06651e-139
8.70373e-143
5.84136e-146
3.09556e-149
1.21457e-152
3.1368e-156
4e-160
0
0
0
0
0
0
0
0
0
0
0
0
0
0
0
0
0
0
0
1.30136
0.420529
0.099064
0.0180803
0.00266843
0.000328421
3.44881e-05
3.14476e-06
2.5245e-07
1.80407e-08
1.15817e-09
6.73004e-11
3.56255e-12
1.72729e-13
7.70666e-15
3.17708e-16
1.2145e-17
4.31843e-19
1.43224e-20
4.44153e-22
1.29069e-23
3.52154e-25
9.03693e-27
2.18457e-28
4.98174e-30
1.07303e-31
2.18548e-33
4.21337e-35
7.69581e-37
1.33282e-38
2.19023e-40
3.41732e-42
5.06524e-44
7.13574e-46
9.55825e-48
1.21777e-49
1.47612e-51
1.70268e-53
1.86924e-55
1.95325e-57
1.94278e-59
1.83926e-61
1.65722e-63
1.42091e-65
1.15906e-67
8.99253e-70
6.63345e-72
4.65051e-74
3.09709e-76
1.95819e-78
1.1747e-80
6.68112e-83
3.59972e-85
1.83563e-87
8.8501e-90
4.02959e-92
1.73047e-94
6.99905e-97
2.66189e-99
9.50265e-102
3.17788e-104
9.93337e-107
2.89489e-109
7.84347e-112
1.96937e-114
4.56553e-117
9.73118e-120
1.89769e-122
3.36656e-125
5.39653e-128
7.7534e-131
9.8865e-134
1.10523e-136
1.06651e-139
8.70373e-143
5.84136e-146
3.09556e-149
1.21457e-152
3.1368e-156
4e-160
0
0
0
0
0
0
0
0
0
0
0
0
0
0
0
0
0
0
0
1.30136
0.420529
0.099064
0.0180803
0.00266843
0.000328421
3.44881e-05
3.14476e-06
2.5245e-07
1.80407e-08
1.15817e-09
6.73004e-11
3.56255e-12
1.72729e-13
7.70666e-15
3.17708e-16
1.2145e-17
4.31843e-19
1.43224e-20
4.44153e-22
1.29069e-23
3.52154e-25
9.03693e-27
2.18457e-28
4.98174e-30
1.07303e-31
2.18548e-33
4.21337e-35
7.69581e-37
1.33282e-38
2.19023e-40
3.41732e-42
5.06524e-44
7.13574e-46
9.55825e-48
1.21777e-49
1.47612e-51
1.70268e-53
1.86924e-55
1.95325e-57
1.94278e-59
1.83926e-61
1.65722e-63
1.42091e-65
1.15906e-67
8.99253e-70
6.63345e-72
4.65051e-74
3.09709e-76
1.95819e-78
1.1747e-80
6.68112e-83
3.59972e-85
1.83563e-87
8.8501e-90
4.02959e-92
1.73047e-94
6.99905e-97
2.66189e-99
9.50265e-102
3.17788e-104
9.93337e-107
2.89489e-109
7.84347e-112
1.96937e-114
4.56553e-117
9.73118e-120
1.89769e-122
3.36656e-125
5.39653e-128
7.7534e-131
9.8865e-134
1.10523e-136
1.06651e-139
8.70373e-143
5.84136e-146
3.09556e-149
1.21457e-152
3.1368e-156
4e-160
0
0
0
0
0
0
0
0
0
0
0
0
0
0
0
0
0
0
0
1.30136
0.420529
0.099064
0.0180803
0.00266843
0.000328421
3.44881e-05
3.14476e-06
2.5245e-07
1.80407e-08
1.15817e-09
6.73004e-11
3.56255e-12
1.72729e-13
7.70666e-15
3.17708e-16
1.2145e-17
4.31843e-19
1.43224e-20
4.44153e-22
1.29069e-23
3.52154e-25
9.03693e-27
2.18457e-28
4.98174e-30
1.07303e-31
2.18548e-33
4.21337e-35
7.69581e-37
1.33282e-38
2.19023e-40
3.41732e-42
5.06524e-44
7.13574e-46
9.55825e-48
1.21777e-49
1.47612e-51
1.70268e-53
1.86924e-55
1.95325e-57
1.94278e-59
1.83926e-61
1.65722e-63
1.42091e-65
1.15906e-67
8.99253e-70
6.63345e-72
4.65051e-74
3.09709e-76
1.95819e-78
1.1747e-80
6.68112e-83
3.59972e-85
1.83563e-87
8.8501e-90
4.02959e-92
1.73047e-94
6.99905e-97
2.66189e-99
9.50265e-102
3.17788e-104
9.93337e-107
2.89489e-109
7.84347e-112
1.96937e-114
4.56553e-117
9.73118e-120
1.89769e-122
3.36656e-125
5.39653e-128
7.7534e-131
9.8865e-134
1.10523e-136
1.06651e-139
8.70373e-143
5.84136e-146
3.09556e-149
1.21457e-152
3.1368e-156
4e-160
0
0
0
0
0
0
0
0
0
0
0
0
0
0
0
0
0
0
0
1.30136
0.420529
0.099064
0.0180803
0.00266843
0.000328421
3.44881e-05
3.14476e-06
2.5245e-07
1.80407e-08
1.15817e-09
6.73004e-11
3.56255e-12
1.72729e-13
7.70666e-15
3.17708e-16
1.2145e-17
4.31843e-19
1.43224e-20
4.44153e-22
1.29069e-23
3.52154e-25
9.03693e-27
2.18457e-28
4.98174e-30
1.07303e-31
2.18548e-33
4.21337e-35
7.69581e-37
1.33282e-38
2.19023e-40
3.41732e-42
5.06524e-44
7.13574e-46
9.55825e-48
1.21777e-49
1.47612e-51
1.70268e-53
1.86924e-55
1.95325e-57
1.94278e-59
1.83926e-61
1.65722e-63
1.42091e-65
1.15906e-67
8.99253e-70
6.63345e-72
4.65051e-74
3.09709e-76
1.95819e-78
1.1747e-80
6.68112e-83
3.59972e-85
1.83563e-87
8.8501e-90
4.02959e-92
1.73047e-94
6.99905e-97
2.66189e-99
9.50265e-102
3.17788e-104
9.93337e-107
2.89489e-109
7.84347e-112
1.96937e-114
4.56553e-117
9.73118e-120
1.89769e-122
3.36656e-125
5.39653e-128
7.7534e-131
9.8865e-134
1.10523e-136
1.06651e-139
8.70373e-143
5.84136e-146
3.09556e-149
1.21457e-152
3.1368e-156
4e-160
0
0
0
0
0
0
0
0
0
0
0
0
0
0
0
0
0
0
0
1.30136
0.420529
0.099064
0.0180803
0.00266843
0.000328421
3.44881e-05
3.14476e-06
2.5245e-07
1.80407e-08
1.15817e-09
6.73004e-11
3.56255e-12
1.72729e-13
7.70666e-15
3.17708e-16
1.2145e-17
4.31843e-19
1.43224e-20
4.44153e-22
1.29069e-23
3.52154e-25
9.03693e-27
2.18457e-28
4.98174e-30
1.07303e-31
2.18548e-33
4.21337e-35
7.69581e-37
1.33282e-38
2.19023e-40
3.41732e-42
5.06524e-44
7.13574e-46
9.55825e-48
1.21777e-49
1.47612e-51
1.70268e-53
1.86924e-55
1.95325e-57
1.94278e-59
1.83926e-61
1.65722e-63
1.42091e-65
1.15906e-67
8.99253e-70
6.63345e-72
4.65051e-74
3.09709e-76
1.95819e-78
1.1747e-80
6.68112e-83
3.59972e-85
1.83563e-87
8.8501e-90
4.02959e-92
1.73047e-94
6.99905e-97
2.66189e-99
9.50265e-102
3.17788e-104
9.93337e-107
2.89489e-109
7.84347e-112
1.96937e-114
4.56553e-117
9.73118e-120
1.89769e-122
3.36656e-125
5.39653e-128
7.7534e-131
9.8865e-134
1.10523e-136
1.06651e-139
8.70373e-143
5.84136e-146
3.09556e-149
1.21457e-152
3.1368e-156
4e-160
0
0
0
0
0
0
0
0
0
0
0
0
0
0
0
0
0
0
0
1.30136
0.420529
0.099064
0.0180803
0.00266843
0.000328421
3.44881e-05
3.14476e-06
2.5245e-07
1.80407e-08
1.15817e-09
6.73004e-11
3.56255e-12
1.72729e-13
7.70666e-15
3.17708e-16
1.2145e-17
4.31843e-19
1.43224e-20
4.44153e-22
1.29069e-23
3.52154e-25
9.03693e-27
2.18457e-28
4.98174e-30
1.07303e-31
2.18548e-33
4.21337e-35
7.69581e-37
1.33282e-38
2.19023e-40
3.41732e-42
5.06524e-44
7.13574e-46
9.55825e-48
1.21777e-49
1.47612e-51
1.70268e-53
1.86924e-55
1.95325e-57
1.94278e-59
1.83926e-61
1.65722e-63
1.42091e-65
1.15906e-67
8.99253e-70
6.63345e-72
4.65051e-74
3.09709e-76
1.95819e-78
1.1747e-80
6.68112e-83
3.59972e-85
1.83563e-87
8.8501e-90
4.02959e-92
1.73047e-94
6.99905e-97
2.66189e-99
9.50265e-102
3.17788e-104
9.93337e-107
2.89489e-109
7.84347e-112
1.96937e-114
4.56553e-117
9.73118e-120
1.89769e-122
3.36656e-125
5.39653e-128
7.7534e-131
9.8865e-134
1.10523e-136
1.06651e-139
8.70373e-143
5.84136e-146
3.09556e-149
1.21457e-152
3.1368e-156
4e-160
0
0
0
0
0
0
0
0
0
0
0
0
0
0
0
0
0
0
0
1.30136
0.420529
0.099064
0.0180803
0.00266843
0.000328421
3.44881e-05
3.14476e-06
2.5245e-07
1.80407e-08
1.15817e-09
6.73004e-11
3.56255e-12
1.72729e-13
7.70666e-15
3.17708e-16
1.2145e-17
4.31843e-19
1.43224e-20
4.44153e-22
1.29069e-23
3.52154e-25
9.03693e-27
2.18457e-28
4.98174e-30
1.07303e-31
2.18548e-33
4.21337e-35
7.69581e-37
1.33282e-38
2.19023e-40
3.41732e-42
5.06524e-44
7.13574e-46
9.55825e-48
1.21777e-49
1.47612e-51
1.70268e-53
1.86924e-55
1.95325e-57
1.94278e-59
1.83926e-61
1.65722e-63
1.42091e-65
1.15906e-67
8.99253e-70
6.63345e-72
4.65051e-74
3.09709e-76
1.95819e-78
1.1747e-80
6.68112e-83
3.59972e-85
1.83563e-87
8.8501e-90
4.02959e-92
1.73047e-94
6.99905e-97
2.66189e-99
9.50265e-102
3.17788e-104
9.93337e-107
2.89489e-109
7.84347e-112
1.96937e-114
4.56553e-117
9.73118e-120
1.89769e-122
3.36656e-125
5.39653e-128
7.7534e-131
9.8865e-134
1.10523e-136
1.06651e-139
8.70373e-143
5.84136e-146
3.09556e-149
1.21457e-152
3.1368e-156
4e-160
0
0
0
0
0
0
0
0
0
0
0
0
0
0
0
0
0
0
0
1.30136
0.420529
0.099064
0.0180803
0.00266843
0.000328421
3.44881e-05
3.14476e-06
2.5245e-07
1.80407e-08
1.15817e-09
6.73004e-11
3.56255e-12
1.72729e-13
7.70666e-15
3.17708e-16
1.2145e-17
4.31843e-19
1.43224e-20
4.44153e-22
1.29069e-23
3.52154e-25
9.03693e-27
2.18457e-28
4.98174e-30
1.07303e-31
2.18548e-33
4.21337e-35
7.69581e-37
1.33282e-38
2.19023e-40
3.41732e-42
5.06524e-44
7.13574e-46
9.55825e-48
1.21777e-49
1.47612e-51
1.70268e-53
1.86924e-55
1.95325e-57
1.94278e-59
1.83926e-61
1.65722e-63
1.42091e-65
1.15906e-67
8.99253e-70
6.63345e-72
4.65051e-74
3.09709e-76
1.95819e-78
1.1747e-80
6.68112e-83
3.59972e-85
1.83563e-87
8.8501e-90
4.02959e-92
1.73047e-94
6.99905e-97
2.66189e-99
9.50265e-102
3.17788e-104
9.93337e-107
2.89489e-109
7.84347e-112
1.96937e-114
4.56553e-117
9.73118e-120
1.89769e-122
3.36656e-125
5.39653e-128
7.7534e-131
9.8865e-134
1.10523e-136
1.06651e-139
8.70373e-143
5.84136e-146
3.09556e-149
1.21457e-152
3.1368e-156
4e-160
0
0
0
0
0
0
0
0
0
0
0
0
0
0
0
0
0
0
0
1.30136
0.420529
0.099064
0.0180803
0.00266843
0.000328421
3.44881e-05
3.14476e-06
2.5245e-07
1.80407e-08
1.15817e-09
6.73004e-11
3.56255e-12
1.72729e-13
7.70666e-15
3.17708e-16
1.2145e-17
4.31843e-19
1.43224e-20
4.44153e-22
1.29069e-23
3.52154e-25
9.03693e-27
2.18457e-28
4.98174e-30
1.07303e-31
2.18548e-33
4.21337e-35
7.69581e-37
1.33282e-38
2.19023e-40
3.41732e-42
5.06524e-44
7.13574e-46
9.55825e-48
1.21777e-49
1.47612e-51
1.70268e-53
1.86924e-55
1.95325e-57
1.94278e-59
1.83926e-61
1.65722e-63
1.42091e-65
1.15906e-67
8.99253e-70
6.63345e-72
4.65051e-74
3.09709e-76
1.95819e-78
1.1747e-80
6.68112e-83
3.59972e-85
1.83563e-87
8.8501e-90
4.02959e-92
1.73047e-94
6.99905e-97
2.66189e-99
9.50265e-102
3.17788e-104
9.93337e-107
2.89489e-109
7.84347e-112
1.96937e-114
4.56553e-117
9.73118e-120
1.89769e-122
3.36656e-125
5.39653e-128
7.7534e-131
9.8865e-134
1.10523e-136
1.06651e-139
8.70373e-143
5.84136e-146
3.09556e-149
1.21457e-152
3.1368e-156
4e-160
0
0
0
0
0
0
0
0
0
0
0
0
0
0
0
0
0
0
0
1.30136
0.420529
0.099064
0.0180803
0.00266843
0.000328421
3.44881e-05
3.14476e-06
2.5245e-07
1.80407e-08
1.15817e-09
6.73004e-11
3.56255e-12
1.72729e-13
7.70666e-15
3.17708e-16
1.2145e-17
4.31843e-19
1.43224e-20
4.44153e-22
1.29069e-23
3.52154e-25
9.03693e-27
2.18457e-28
4.98174e-30
1.07303e-31
2.18548e-33
4.21337e-35
7.69581e-37
1.33282e-38
2.19023e-40
3.41732e-42
5.06524e-44
7.13574e-46
9.55825e-48
1.21777e-49
1.47612e-51
1.70268e-53
1.86924e-55
1.95325e-57
1.94278e-59
1.83926e-61
1.65722e-63
1.42091e-65
1.15906e-67
8.99253e-70
6.63345e-72
4.65051e-74
3.09709e-76
1.95819e-78
1.1747e-80
6.68112e-83
3.59972e-85
1.83563e-87
8.8501e-90
4.02959e-92
1.73047e-94
6.99905e-97
2.66189e-99
9.50265e-102
3.17788e-104
9.93337e-107
2.89489e-109
7.84347e-112
1.96937e-114
4.56553e-117
9.73118e-120
1.89769e-122
3.36656e-125
5.39653e-128
7.7534e-131
9.8865e-134
1.10523e-136
1.06651e-139
8.70373e-143
5.84136e-146
3.09556e-149
1.21457e-152
3.1368e-156
4e-160
0
0
0
0
0
0
0
0
0
0
0
0
0
0
0
0
0
0
0
1.30136
0.420529
0.099064
0.0180803
0.00266843
0.000328421
3.44881e-05
3.14476e-06
2.5245e-07
1.80407e-08
1.15817e-09
6.73004e-11
3.56255e-12
1.72729e-13
7.70666e-15
3.17708e-16
1.2145e-17
4.31843e-19
1.43224e-20
4.44153e-22
1.29069e-23
3.52154e-25
9.03693e-27
2.18457e-28
4.98174e-30
1.07303e-31
2.18548e-33
4.21337e-35
7.69581e-37
1.33282e-38
2.19023e-40
3.41732e-42
5.06524e-44
7.13574e-46
9.55825e-48
1.21777e-49
1.47612e-51
1.70268e-53
1.86924e-55
1.95325e-57
1.94278e-59
1.83926e-61
1.65722e-63
1.42091e-65
1.15906e-67
8.99253e-70
6.63345e-72
4.65051e-74
3.09709e-76
1.95819e-78
1.1747e-80
6.68112e-83
3.59972e-85
1.83563e-87
8.8501e-90
4.02959e-92
1.73047e-94
6.99905e-97
2.66189e-99
9.50265e-102
3.17788e-104
9.93337e-107
2.89489e-109
7.84347e-112
1.96937e-114
4.56553e-117
9.73118e-120
1.89769e-122
3.36656e-125
5.39653e-128
7.7534e-131
9.8865e-134
1.10523e-136
1.06651e-139
8.70373e-143
5.84136e-146
3.09556e-149
1.21457e-152
3.1368e-156
4e-160
0
0
0
0
0
0
0
0
0
0
0
0
0
0
0
0
0
0
0
1.30136
0.420529
0.099064
0.0180803
0.00266843
0.000328421
3.44881e-05
3.14476e-06
2.5245e-07
1.80407e-08
1.15817e-09
6.73004e-11
3.56255e-12
1.72729e-13
7.70666e-15
3.17708e-16
1.2145e-17
4.31843e-19
1.43224e-20
4.44153e-22
1.29069e-23
3.52154e-25
9.03693e-27
2.18457e-28
4.98174e-30
1.07303e-31
2.18548e-33
4.21337e-35
7.69581e-37
1.33282e-38
2.19023e-40
3.41732e-42
5.06524e-44
7.13574e-46
9.55825e-48
1.21777e-49
1.47612e-51
1.70268e-53
1.86924e-55
1.95325e-57
1.94278e-59
1.83926e-61
1.65722e-63
1.42091e-65
1.15906e-67
8.99253e-70
6.63345e-72
4.65051e-74
3.09709e-76
1.95819e-78
1.1747e-80
6.68112e-83
3.59972e-85
1.83563e-87
8.8501e-90
4.02959e-92
1.73047e-94
6.99905e-97
2.66189e-99
9.50265e-102
3.17788e-104
9.93337e-107
2.89489e-109
7.84347e-112
1.96937e-114
4.56553e-117
9.73118e-120
1.89769e-122
3.36656e-125
5.39653e-128
7.7534e-131
9.8865e-134
1.10523e-136
1.06651e-139
8.70373e-143
5.84136e-146
3.09556e-149
1.21457e-152
3.1368e-156
4e-160
0
0
0
0
0
0
0
0
0
0
0
0
0
0
0
0
0
0
0
1.30136
0.420529
0.099064
0.0180803
0.00266843
0.000328421
3.44881e-05
3.14476e-06
2.5245e-07
1.80407e-08
1.15817e-09
6.73004e-11
3.56255e-12
1.72729e-13
7.70666e-15
3.17708e-16
1.2145e-17
4.31843e-19
1.43224e-20
4.44153e-22
1.29069e-23
3.52154e-25
9.03693e-27
2.18457e-28
4.98174e-30
1.07303e-31
2.18548e-33
4.21337e-35
7.69581e-37
1.33282e-38
2.19023e-40
3.41732e-42
5.06524e-44
7.13574e-46
9.55825e-48
1.21777e-49
1.47612e-51
1.70268e-53
1.86924e-55
1.95325e-57
1.94278e-59
1.83926e-61
1.65722e-63
1.42091e-65
1.15906e-67
8.99253e-70
6.63345e-72
4.65051e-74
3.09709e-76
1.95819e-78
1.1747e-80
6.68112e-83
3.59972e-85
1.83563e-87
8.8501e-90
4.02959e-92
1.73047e-94
6.99905e-97
2.66189e-99
9.50265e-102
3.17788e-104
9.93337e-107
2.89489e-109
7.84347e-112
1.96937e-114
4.56553e-117
9.73118e-120
1.89769e-122
3.36656e-125
5.39653e-128
7.7534e-131
9.8865e-134
1.10523e-136
1.06651e-139
8.70373e-143
5.84136e-146
3.09556e-149
1.21457e-152
3.1368e-156
4e-160
0
0
0
0
0
0
0
0
0
0
0
0
0
0
0
0
0
0
0
1.30136
0.420529
0.099064
0.0180803
0.00266843
0.000328421
3.44881e-05
3.14476e-06
2.5245e-07
1.80407e-08
1.15817e-09
6.73004e-11
3.56255e-12
1.72729e-13
7.70666e-15
3.17708e-16
1.2145e-17
4.31843e-19
1.43224e-20
4.44153e-22
1.29069e-23
3.52154e-25
9.03693e-27
2.18457e-28
4.98174e-30
1.07303e-31
2.18548e-33
4.21337e-35
7.69581e-37
1.33282e-38
2.19023e-40
3.41732e-42
5.06524e-44
7.13574e-46
9.55825e-48
1.21777e-49
1.47612e-51
1.70268e-53
1.86924e-55
1.95325e-57
1.94278e-59
1.83926e-61
1.65722e-63
1.42091e-65
1.15906e-67
8.99253e-70
6.63345e-72
4.65051e-74
3.09709e-76
1.95819e-78
1.1747e-80
6.68112e-83
3.59972e-85
1.83563e-87
8.8501e-90
4.02959e-92
1.73047e-94
6.99905e-97
2.66189e-99
9.50265e-102
3.17788e-104
9.93337e-107
2.89489e-109
7.84347e-112
1.96937e-114
4.56553e-117
9.73118e-120
1.89769e-122
3.36656e-125
5.39653e-128
7.7534e-131
9.8865e-134
1.10523e-136
1.06651e-139
8.70373e-143
5.84136e-146
3.09556e-149
1.21457e-152
3.1368e-156
4e-160
0
0
0
0
0
0
0
0
0
0
0
0
0
0
0
0
0
0
0
1.30136
0.420529
0.099064
0.0180803
0.00266843
0.000328421
3.44881e-05
3.14476e-06
2.5245e-07
1.80407e-08
1.15817e-09
6.73004e-11
3.56255e-12
1.72729e-13
7.70666e-15
3.17708e-16
1.2145e-17
4.31843e-19
1.43224e-20
4.44153e-22
1.29069e-23
3.52154e-25
9.03693e-27
2.18457e-28
4.98174e-30
1.07303e-31
2.18548e-33
4.21337e-35
7.69581e-37
1.33282e-38
2.19023e-40
3.41732e-42
5.06524e-44
7.13574e-46
9.55825e-48
1.21777e-49
1.47612e-51
1.70268e-53
1.86924e-55
1.95325e-57
1.94278e-59
1.83926e-61
1.65722e-63
1.42091e-65
1.15906e-67
8.99253e-70
6.63345e-72
4.65051e-74
3.09709e-76
1.95819e-78
1.1747e-80
6.68112e-83
3.59972e-85
1.83563e-87
8.8501e-90
4.02959e-92
1.73047e-94
6.99905e-97
2.66189e-99
9.50265e-102
3.17788e-104
9.93337e-107
2.89489e-109
7.84347e-112
1.96937e-114
4.56553e-117
9.73118e-120
1.89769e-122
3.36656e-125
5.39653e-128
7.7534e-131
9.8865e-134
1.10523e-136
1.06651e-139
8.70373e-143
5.84136e-146
3.09556e-149
1.21457e-152
3.1368e-156
4e-160
0
0
0
0
0
0
0
0
0
0
0
0
0
0
0
0
0
0
0
1.30136
0.420529
0.099064
0.0180803
0.00266843
0.000328421
3.44881e-05
3.14476e-06
2.5245e-07
1.80407e-08
1.15817e-09
6.73004e-11
3.56255e-12
1.72729e-13
7.70666e-15
3.17708e-16
1.2145e-17
4.31843e-19
1.43224e-20
4.44153e-22
1.29069e-23
3.52154e-25
9.03693e-27
2.18457e-28
4.98174e-30
1.07303e-31
2.18548e-33
4.21337e-35
7.69581e-37
1.33282e-38
2.19023e-40
3.41732e-42
5.06524e-44
7.13574e-46
9.55825e-48
1.21777e-49
1.47612e-51
1.70268e-53
1.86924e-55
1.95325e-57
1.94278e-59
1.83926e-61
1.65722e-63
1.42091e-65
1.15906e-67
8.99253e-70
6.63345e-72
4.65051e-74
3.09709e-76
1.95819e-78
1.1747e-80
6.68112e-83
3.59972e-85
1.83563e-87
8.8501e-90
4.02959e-92
1.73047e-94
6.99905e-97
2.66189e-99
9.50265e-102
3.17788e-104
9.93337e-107
2.89489e-109
7.84347e-112
1.96937e-114
4.56553e-117
9.73118e-120
1.89769e-122
3.36656e-125
5.39653e-128
7.7534e-131
9.8865e-134
1.10523e-136
1.06651e-139
8.70373e-143
5.84136e-146
3.09556e-149
1.21457e-152
3.1368e-156
4e-160
0
0
0
0
0
0
0
0
0
0
0
0
0
0
0
0
0
0
0
1.30136
0.420529
0.099064
0.0180803
0.00266843
0.000328421
3.44881e-05
3.14476e-06
2.5245e-07
1.80407e-08
1.15817e-09
6.73004e-11
3.56255e-12
1.72729e-13
7.70666e-15
3.17708e-16
1.2145e-17
4.31843e-19
1.43224e-20
4.44153e-22
1.29069e-23
3.52154e-25
9.03693e-27
2.18457e-28
4.98174e-30
1.07303e-31
2.18548e-33
4.21337e-35
7.69581e-37
1.33282e-38
2.19023e-40
3.41732e-42
5.06524e-44
7.13574e-46
9.55825e-48
1.21777e-49
1.47612e-51
1.70268e-53
1.86924e-55
1.95325e-57
1.94278e-59
1.83926e-61
1.65722e-63
1.42091e-65
1.15906e-67
8.99253e-70
6.63345e-72
4.65051e-74
3.09709e-76
1.95819e-78
1.1747e-80
6.68112e-83
3.59972e-85
1.83563e-87
8.8501e-90
4.02959e-92
1.73047e-94
6.99905e-97
2.66189e-99
9.50265e-102
3.17788e-104
9.93337e-107
2.89489e-109
7.84347e-112
1.96937e-114
4.56553e-117
9.73118e-120
1.89769e-122
3.36656e-125
5.39653e-128
7.7534e-131
9.8865e-134
1.10523e-136
1.06651e-139
8.70373e-143
5.84136e-146
3.09556e-149
1.21457e-152
3.1368e-156
4e-160
0
0
0
0
0
0
0
0
0
0
0
0
0
0
0
0
0
0
0
1.30136
0.420529
0.099064
0.0180803
0.00266843
0.000328421
3.44881e-05
3.14476e-06
2.5245e-07
1.80407e-08
1.15817e-09
6.73004e-11
3.56255e-12
1.72729e-13
7.70666e-15
3.17708e-16
1.2145e-17
4.31843e-19
1.43224e-20
4.44153e-22
1.29069e-23
3.52154e-25
9.03693e-27
2.18457e-28
4.98174e-30
1.07303e-31
2.18548e-33
4.21337e-35
7.69581e-37
1.33282e-38
2.19023e-40
3.41732e-42
5.06524e-44
7.13574e-46
9.55825e-48
1.21777e-49
1.47612e-51
1.70268e-53
1.86924e-55
1.95325e-57
1.94278e-59
1.83926e-61
1.65722e-63
1.42091e-65
1.15906e-67
8.99253e-70
6.63345e-72
4.65051e-74
3.09709e-76
1.95819e-78
1.1747e-80
6.68112e-83
3.59972e-85
1.83563e-87
8.8501e-90
4.02959e-92
1.73047e-94
6.99905e-97
2.66189e-99
9.50265e-102
3.17788e-104
9.93337e-107
2.89489e-109
7.84347e-112
1.96937e-114
4.56553e-117
9.73118e-120
1.89769e-122
3.36656e-125
5.39653e-128
7.7534e-131
9.8865e-134
1.10523e-136
1.06651e-139
8.70373e-143
5.84136e-146
3.09556e-149
1.21457e-152
3.1368e-156
4e-160
0
0
0
0
0
0
0
0
0
0
0
0
0
0
0
0
0
0
0
1.30136
0.420529
0.099064
0.0180803
0.00266843
0.000328421
3.44881e-05
3.14476e-06
2.5245e-07
1.80407e-08
1.15817e-09
6.73004e-11
3.56255e-12
1.72729e-13
7.70666e-15
3.17708e-16
1.2145e-17
4.31843e-19
1.43224e-20
4.44153e-22
1.29069e-23
3.52154e-25
9.03693e-27
2.18457e-28
4.98174e-30
1.07303e-31
2.18548e-33
4.21337e-35
7.69581e-37
1.33282e-38
2.19023e-40
3.41732e-42
5.06524e-44
7.13574e-46
9.55825e-48
1.21777e-49
1.47612e-51
1.70268e-53
1.86924e-55
1.95325e-57
1.94278e-59
1.83926e-61
1.65722e-63
1.42091e-65
1.15906e-67
8.99253e-70
6.63345e-72
4.65051e-74
3.09709e-76
1.95819e-78
1.1747e-80
6.68112e-83
3.59972e-85
1.83563e-87
8.8501e-90
4.02959e-92
1.73047e-94
6.99905e-97
2.66189e-99
9.50265e-102
3.17788e-104
9.93337e-107
2.89489e-109
7.84347e-112
1.96937e-114
4.56553e-117
9.73118e-120
1.89769e-122
3.36656e-125
5.39653e-128
7.7534e-131
9.8865e-134
1.10523e-136
1.06651e-139
8.70373e-143
5.84136e-146
3.09556e-149
1.21457e-152
3.1368e-156
4e-160
0
0
0
0
0
0
0
0
0
0
0
0
0
0
0
0
0
0
0
1.30136
0.420529
0.099064
0.0180803
0.00266843
0.000328421
3.44881e-05
3.14476e-06
2.5245e-07
1.80407e-08
1.15817e-09
6.73004e-11
3.56255e-12
1.72729e-13
7.70666e-15
3.17708e-16
1.2145e-17
4.31843e-19
1.43224e-20
4.44153e-22
1.29069e-23
3.52154e-25
9.03693e-27
2.18457e-28
4.98174e-30
1.07303e-31
2.18548e-33
4.21337e-35
7.69581e-37
1.33282e-38
2.19023e-40
3.41732e-42
5.06524e-44
7.13574e-46
9.55825e-48
1.21777e-49
1.47612e-51
1.70268e-53
1.86924e-55
1.95325e-57
1.94278e-59
1.83926e-61
1.65722e-63
1.42091e-65
1.15906e-67
8.99253e-70
6.63345e-72
4.65051e-74
3.09709e-76
1.95819e-78
1.1747e-80
6.68112e-83
3.59972e-85
1.83563e-87
8.8501e-90
4.02959e-92
1.73047e-94
6.99905e-97
2.66189e-99
9.50265e-102
3.17788e-104
9.93337e-107
2.89489e-109
7.84347e-112
1.96937e-114
4.56553e-117
9.73118e-120
1.89769e-122
3.36656e-125
5.39653e-128
7.7534e-131
9.8865e-134
1.10523e-136
1.06651e-139
8.70373e-143
5.84136e-146
3.09556e-149
1.21457e-152
3.1368e-156
4e-160
0
0
0
0
0
0
0
0
0
0
0
0
0
0
0
0
0
0
0
1.30136
0.420529
0.099064
0.0180803
0.00266843
0.000328421
3.44881e-05
3.14476e-06
2.5245e-07
1.80407e-08
1.15817e-09
6.73004e-11
3.56255e-12
1.72729e-13
7.70666e-15
3.17708e-16
1.2145e-17
4.31843e-19
1.43224e-20
4.44153e-22
1.29069e-23
3.52154e-25
9.03693e-27
2.18457e-28
4.98174e-30
1.07303e-31
2.18548e-33
4.21337e-35
7.69581e-37
1.33282e-38
2.19023e-40
3.41732e-42
5.06524e-44
7.13574e-46
9.55825e-48
1.21777e-49
1.47612e-51
1.70268e-53
1.86924e-55
1.95325e-57
1.94278e-59
1.83926e-61
1.65722e-63
1.42091e-65
1.15906e-67
8.99253e-70
6.63345e-72
4.65051e-74
3.09709e-76
1.95819e-78
1.1747e-80
6.68112e-83
3.59972e-85
1.83563e-87
8.8501e-90
4.02959e-92
1.73047e-94
6.99905e-97
2.66189e-99
9.50265e-102
3.17788e-104
9.93337e-107
2.89489e-109
7.84347e-112
1.96937e-114
4.56553e-117
9.73118e-120
1.89769e-122
3.36656e-125
5.39653e-128
7.7534e-131
9.8865e-134
1.10523e-136
1.06651e-139
8.70373e-143
5.84136e-146
3.09556e-149
1.21457e-152
3.1368e-156
4e-160
0
0
0
0
0
0
0
0
0
0
0
0
0
0
0
0
0
0
0
1.30136
0.420529
0.099064
0.0180803
0.00266843
0.000328421
3.44881e-05
3.14476e-06
2.5245e-07
1.80407e-08
1.15817e-09
6.73004e-11
3.56255e-12
1.72729e-13
7.70666e-15
3.17708e-16
1.2145e-17
4.31843e-19
1.43224e-20
4.44153e-22
1.29069e-23
3.52154e-25
9.03693e-27
2.18457e-28
4.98174e-30
1.07303e-31
2.18548e-33
4.21337e-35
7.69581e-37
1.33282e-38
2.19023e-40
3.41732e-42
5.06524e-44
7.13574e-46
9.55825e-48
1.21777e-49
1.47612e-51
1.70268e-53
1.86924e-55
1.95325e-57
1.94278e-59
1.83926e-61
1.65722e-63
1.42091e-65
1.15906e-67
8.99253e-70
6.63345e-72
4.65051e-74
3.09709e-76
1.95819e-78
1.1747e-80
6.68112e-83
3.59972e-85
1.83563e-87
8.8501e-90
4.02959e-92
1.73047e-94
6.99905e-97
2.66189e-99
9.50265e-102
3.17788e-104
9.93337e-107
2.89489e-109
7.84347e-112
1.96937e-114
4.56553e-117
9.73118e-120
1.89769e-122
3.36656e-125
5.39653e-128
7.7534e-131
9.8865e-134
1.10523e-136
1.06651e-139
8.70373e-143
5.84136e-146
3.09556e-149
1.21457e-152
3.1368e-156
4e-160
0
0
0
0
0
0
0
0
0
0
0
0
0
0
0
0
0
0
0
1.30136
0.420529
0.099064
0.0180803
0.00266843
0.000328421
3.44881e-05
3.14476e-06
2.5245e-07
1.80407e-08
1.15817e-09
6.73004e-11
3.56255e-12
1.72729e-13
7.70666e-15
3.17708e-16
1.2145e-17
4.31843e-19
1.43224e-20
4.44153e-22
1.29069e-23
3.52154e-25
9.03693e-27
2.18457e-28
4.98174e-30
1.07303e-31
2.18548e-33
4.21337e-35
7.69581e-37
1.33282e-38
2.19023e-40
3.41732e-42
5.06524e-44
7.13574e-46
9.55825e-48
1.21777e-49
1.47612e-51
1.70268e-53
1.86924e-55
1.95325e-57
1.94278e-59
1.83926e-61
1.65722e-63
1.42091e-65
1.15906e-67
8.99253e-70
6.63345e-72
4.65051e-74
3.09709e-76
1.95819e-78
1.1747e-80
6.68112e-83
3.59972e-85
1.83563e-87
8.8501e-90
4.02959e-92
1.73047e-94
6.99905e-97
2.66189e-99
9.50265e-102
3.17788e-104
9.93337e-107
2.89489e-109
7.84347e-112
1.96937e-114
4.56553e-117
9.73118e-120
1.89769e-122
3.36656e-125
5.39653e-128
7.7534e-131
9.8865e-134
1.10523e-136
1.06651e-139
8.70373e-143
5.84136e-146
3.09556e-149
1.21457e-152
3.1368e-156
4e-160
0
0
0
0
0
0
0
0
0
0
0
0
0
0
0
0
0
0
0
1.30136
0.420529
0.099064
0.0180803
0.00266843
0.000328421
3.44881e-05
3.14476e-06
2.5245e-07
1.80407e-08
1.15817e-09
6.73004e-11
3.56255e-12
1.72729e-13
7.70666e-15
3.17708e-16
1.2145e-17
4.31843e-19
1.43224e-20
4.44153e-22
1.29069e-23
3.52154e-25
9.03693e-27
2.18457e-28
4.98174e-30
1.07303e-31
2.18548e-33
4.21337e-35
7.69581e-37
1.33282e-38
2.19023e-40
3.41732e-42
5.06524e-44
7.13574e-46
9.55825e-48
1.21777e-49
1.47612e-51
1.70268e-53
1.86924e-55
1.95325e-57
1.94278e-59
1.83926e-61
1.65722e-63
1.42091e-65
1.15906e-67
8.99253e-70
6.63345e-72
4.65051e-74
3.09709e-76
1.95819e-78
1.1747e-80
6.68112e-83
3.59972e-85
1.83563e-87
8.8501e-90
4.02959e-92
1.73047e-94
6.99905e-97
2.66189e-99
9.50265e-102
3.17788e-104
9.93337e-107
2.89489e-109
7.84347e-112
1.96937e-114
4.56553e-117
9.73118e-120
1.89769e-122
3.36656e-125
5.39653e-128
7.7534e-131
9.8865e-134
1.10523e-136
1.06651e-139
8.70373e-143
5.84136e-146
3.09556e-149
1.21457e-152
3.1368e-156
4e-160
0
0
0
0
0
0
0
0
0
0
0
0
0
0
0
0
0
0
0
1.30136
0.420529
0.099064
0.0180803
0.00266843
0.000328421
3.44881e-05
3.14476e-06
2.5245e-07
1.80407e-08
1.15817e-09
6.73004e-11
3.56255e-12
1.72729e-13
7.70666e-15
3.17708e-16
1.2145e-17
4.31843e-19
1.43224e-20
4.44153e-22
1.29069e-23
3.52154e-25
9.03693e-27
2.18457e-28
4.98174e-30
1.07303e-31
2.18548e-33
4.21337e-35
7.69581e-37
1.33282e-38
2.19023e-40
3.41732e-42
5.06524e-44
7.13574e-46
9.55825e-48
1.21777e-49
1.47612e-51
1.70268e-53
1.86924e-55
1.95325e-57
1.94278e-59
1.83926e-61
1.65722e-63
1.42091e-65
1.15906e-67
8.99253e-70
6.63345e-72
4.65051e-74
3.09709e-76
1.95819e-78
1.1747e-80
6.68112e-83
3.59972e-85
1.83563e-87
8.8501e-90
4.02959e-92
1.73047e-94
6.99905e-97
2.66189e-99
9.50265e-102
3.17788e-104
9.93337e-107
2.89489e-109
7.84347e-112
1.96937e-114
4.56553e-117
9.73118e-120
1.89769e-122
3.36656e-125
5.39653e-128
7.7534e-131
9.8865e-134
1.10523e-136
1.06651e-139
8.70373e-143
5.84136e-146
3.09556e-149
1.21457e-152
3.1368e-156
4e-160
0
0
0
0
0
0
0
0
0
0
0
0
0
0
0
0
0
0
0
1.30136
0.420529
0.099064
0.0180803
0.00266843
0.000328421
3.44881e-05
3.14476e-06
2.5245e-07
1.80407e-08
1.15817e-09
6.73004e-11
3.56255e-12
1.72729e-13
7.70666e-15
3.17708e-16
1.2145e-17
4.31843e-19
1.43224e-20
4.44153e-22
1.29069e-23
3.52154e-25
9.03693e-27
2.18457e-28
4.98174e-30
1.07303e-31
2.18548e-33
4.21337e-35
7.69581e-37
1.33282e-38
2.19023e-40
3.41732e-42
5.06524e-44
7.13574e-46
9.55825e-48
1.21777e-49
1.47612e-51
1.70268e-53
1.86924e-55
1.95325e-57
1.94278e-59
1.83926e-61
1.65722e-63
1.42091e-65
1.15906e-67
8.99253e-70
6.63345e-72
4.65051e-74
3.09709e-76
1.95819e-78
1.1747e-80
6.68112e-83
3.59972e-85
1.83563e-87
8.8501e-90
4.02959e-92
1.73047e-94
6.99905e-97
2.66189e-99
9.50265e-102
3.17788e-104
9.93337e-107
2.89489e-109
7.84347e-112
1.96937e-114
4.56553e-117
9.73118e-120
1.89769e-122
3.36656e-125
5.39653e-128
7.7534e-131
9.8865e-134
1.10523e-136
1.06651e-139
8.70373e-143
5.84136e-146
3.09556e-149
1.21457e-152
3.1368e-156
4e-160
0
0
0
0
0
0
0
0
0
0
0
0
0
0
0
0
0
0
0
1.30136
0.420529
0.099064
0.0180803
0.00266843
0.000328421
3.44881e-05
3.14476e-06
2.5245e-07
1.80407e-08
1.15817e-09
6.73004e-11
3.56255e-12
1.72729e-13
7.70666e-15
3.17708e-16
1.2145e-17
4.31843e-19
1.43224e-20
4.44153e-22
1.29069e-23
3.52154e-25
9.03693e-27
2.18457e-28
4.98174e-30
1.07303e-31
2.18548e-33
4.21337e-35
7.69581e-37
1.33282e-38
2.19023e-40
3.41732e-42
5.06524e-44
7.13574e-46
9.55825e-48
1.21777e-49
1.47612e-51
1.70268e-53
1.86924e-55
1.95325e-57
1.94278e-59
1.83926e-61
1.65722e-63
1.42091e-65
1.15906e-67
8.99253e-70
6.63345e-72
4.65051e-74
3.09709e-76
1.95819e-78
1.1747e-80
6.68112e-83
3.59972e-85
1.83563e-87
8.8501e-90
4.02959e-92
1.73047e-94
6.99905e-97
2.66189e-99
9.50265e-102
3.17788e-104
9.93337e-107
2.89489e-109
7.84347e-112
1.96937e-114
4.56553e-117
9.73118e-120
1.89769e-122
3.36656e-125
5.39653e-128
7.7534e-131
9.8865e-134
1.10523e-136
1.06651e-139
8.70373e-143
5.84136e-146
3.09556e-149
1.21457e-152
3.1368e-156
4e-160
0
0
0
0
0
0
0
0
0
0
0
0
0
0
0
0
0
0
0
1.30136
0.420529
0.099064
0.0180803
0.00266843
0.000328421
3.44881e-05
3.14476e-06
2.5245e-07
1.80407e-08
1.15817e-09
6.73004e-11
3.56255e-12
1.72729e-13
7.70666e-15
3.17708e-16
1.2145e-17
4.31843e-19
1.43224e-20
4.44153e-22
1.29069e-23
3.52154e-25
9.03693e-27
2.18457e-28
4.98174e-30
1.07303e-31
2.18548e-33
4.21337e-35
7.69581e-37
1.33282e-38
2.19023e-40
3.41732e-42
5.06524e-44
7.13574e-46
9.55825e-48
1.21777e-49
1.47612e-51
1.70268e-53
1.86924e-55
1.95325e-57
1.94278e-59
1.83926e-61
1.65722e-63
1.42091e-65
1.15906e-67
8.99253e-70
6.63345e-72
4.65051e-74
3.09709e-76
1.95819e-78
1.1747e-80
6.68112e-83
3.59972e-85
1.83563e-87
8.8501e-90
4.02959e-92
1.73047e-94
6.99905e-97
2.66189e-99
9.50265e-102
3.17788e-104
9.93337e-107
2.89489e-109
7.84347e-112
1.96937e-114
4.56553e-117
9.73118e-120
1.89769e-122
3.36656e-125
5.39653e-128
7.7534e-131
9.8865e-134
1.10523e-136
1.06651e-139
8.70373e-143
5.84136e-146
3.09556e-149
1.21457e-152
3.1368e-156
4e-160
0
0
0
0
0
0
0
0
0
0
0
0
0
0
0
0
0
0
0
1.30136
0.420529
0.099064
0.0180803
0.00266843
0.000328421
3.44881e-05
3.14476e-06
2.5245e-07
1.80407e-08
1.15817e-09
6.73004e-11
3.56255e-12
1.72729e-13
7.70666e-15
3.17708e-16
1.2145e-17
4.31843e-19
1.43224e-20
4.44153e-22
1.29069e-23
3.52154e-25
9.03693e-27
2.18457e-28
4.98174e-30
1.07303e-31
2.18548e-33
4.21337e-35
7.69581e-37
1.33282e-38
2.19023e-40
3.41732e-42
5.06524e-44
7.13574e-46
9.55825e-48
1.21777e-49
1.47612e-51
1.70268e-53
1.86924e-55
1.95325e-57
1.94278e-59
1.83926e-61
1.65722e-63
1.42091e-65
1.15906e-67
8.99253e-70
6.63345e-72
4.65051e-74
3.09709e-76
1.95819e-78
1.1747e-80
6.68112e-83
3.59972e-85
1.83563e-87
8.8501e-90
4.02959e-92
1.73047e-94
6.99905e-97
2.66189e-99
9.50265e-102
3.17788e-104
9.93337e-107
2.89489e-109
7.84347e-112
1.96937e-114
4.56553e-117
9.73118e-120
1.89769e-122
3.36656e-125
5.39653e-128
7.7534e-131
9.8865e-134
1.10523e-136
1.06651e-139
8.70373e-143
5.84136e-146
3.09556e-149
1.21457e-152
3.1368e-156
4e-160
0
0
0
0
0
0
0
0
0
0
0
0
0
0
0
0
0
0
0
1.30136
0.420529
0.099064
0.0180803
0.00266843
0.000328421
3.44881e-05
3.14476e-06
2.5245e-07
1.80407e-08
1.15817e-09
6.73004e-11
3.56255e-12
1.72729e-13
7.70666e-15
3.17708e-16
1.2145e-17
4.31843e-19
1.43224e-20
4.44153e-22
1.29069e-23
3.52154e-25
9.03693e-27
2.18457e-28
4.98174e-30
1.07303e-31
2.18548e-33
4.21337e-35
7.69581e-37
1.33282e-38
2.19023e-40
3.41732e-42
5.06524e-44
7.13574e-46
9.55825e-48
1.21777e-49
1.47612e-51
1.70268e-53
1.86924e-55
1.95325e-57
1.94278e-59
1.83926e-61
1.65722e-63
1.42091e-65
1.15906e-67
8.99253e-70
6.63345e-72
4.65051e-74
3.09709e-76
1.95819e-78
1.1747e-80
6.68112e-83
3.59972e-85
1.83563e-87
8.8501e-90
4.02959e-92
1.73047e-94
6.99905e-97
2.66189e-99
9.50265e-102
3.17788e-104
9.93337e-107
2.89489e-109
7.84347e-112
1.96937e-114
4.56553e-117
9.73118e-120
1.89769e-122
3.36656e-125
5.39653e-128
7.7534e-131
9.8865e-134
1.10523e-136
1.06651e-139
8.70373e-143
5.84136e-146
3.09556e-149
1.21457e-152
3.1368e-156
4e-160
0
0
0
0
0
0
0
0
0
0
0
0
0
0
0
0
0
0
0
1.30136
0.420529
0.099064
0.0180803
0.00266843
0.000328421
3.44881e-05
3.14476e-06
2.5245e-07
1.80407e-08
1.15817e-09
6.73004e-11
3.56255e-12
1.72729e-13
7.70666e-15
3.17708e-16
1.2145e-17
4.31843e-19
1.43224e-20
4.44153e-22
1.29069e-23
3.52154e-25
9.03693e-27
2.18457e-28
4.98174e-30
1.07303e-31
2.18548e-33
4.21337e-35
7.69581e-37
1.33282e-38
2.19023e-40
3.41732e-42
5.06524e-44
7.13574e-46
9.55825e-48
1.21777e-49
1.47612e-51
1.70268e-53
1.86924e-55
1.95325e-57
1.94278e-59
1.83926e-61
1.65722e-63
1.42091e-65
1.15906e-67
8.99253e-70
6.63345e-72
4.65051e-74
3.09709e-76
1.95819e-78
1.1747e-80
6.68112e-83
3.59972e-85
1.83563e-87
8.8501e-90
4.02959e-92
1.73047e-94
6.99905e-97
2.66189e-99
9.50265e-102
3.17788e-104
9.93337e-107
2.89489e-109
7.84347e-112
1.96937e-114
4.56553e-117
9.73118e-120
1.89769e-122
3.36656e-125
5.39653e-128
7.7534e-131
9.8865e-134
1.10523e-136
1.06651e-139
8.70373e-143
5.84136e-146
3.09556e-149
1.21457e-152
3.1368e-156
4e-160
0
0
0
0
0
0
0
0
0
0
0
0
0
0
0
0
0
0
0
1.30136
0.420529
0.099064
0.0180803
0.00266843
0.000328421
3.44881e-05
3.14476e-06
2.5245e-07
1.80407e-08
1.15817e-09
6.73004e-11
3.56255e-12
1.72729e-13
7.70666e-15
3.17708e-16
1.2145e-17
4.31843e-19
1.43224e-20
4.44153e-22
1.29069e-23
3.52154e-25
9.03693e-27
2.18457e-28
4.98174e-30
1.07303e-31
2.18548e-33
4.21337e-35
7.69581e-37
1.33282e-38
2.19023e-40
3.41732e-42
5.06524e-44
7.13574e-46
9.55825e-48
1.21777e-49
1.47612e-51
1.70268e-53
1.86924e-55
1.95325e-57
1.94278e-59
1.83926e-61
1.65722e-63
1.42091e-65
1.15906e-67
8.99253e-70
6.63345e-72
4.65051e-74
3.09709e-76
1.95819e-78
1.1747e-80
6.68112e-83
3.59972e-85
1.83563e-87
8.8501e-90
4.02959e-92
1.73047e-94
6.99905e-97
2.66189e-99
9.50265e-102
3.17788e-104
9.93337e-107
2.89489e-109
7.84347e-112
1.96937e-114
4.56553e-117
9.73118e-120
1.89769e-122
3.36656e-125
5.39653e-128
7.7534e-131
9.8865e-134
1.10523e-136
1.06651e-139
8.70373e-143
5.84136e-146
3.09556e-149
1.21457e-152
3.1368e-156
4e-160
0
0
0
0
0
0
0
0
0
0
0
0
0
0
0
0
0
0
0
1.30136
0.420529
0.099064
0.0180803
0.00266843
0.000328421
3.44881e-05
3.14476e-06
2.5245e-07
1.80407e-08
1.15817e-09
6.73004e-11
3.56255e-12
1.72729e-13
7.70666e-15
3.17708e-16
1.2145e-17
4.31843e-19
1.43224e-20
4.44153e-22
1.29069e-23
3.52154e-25
9.03693e-27
2.18457e-28
4.98174e-30
1.07303e-31
2.18548e-33
4.21337e-35
7.69581e-37
1.33282e-38
2.19023e-40
3.41732e-42
5.06524e-44
7.13574e-46
9.55825e-48
1.21777e-49
1.47612e-51
1.70268e-53
1.86924e-55
1.95325e-57
1.94278e-59
1.83926e-61
1.65722e-63
1.42091e-65
1.15906e-67
8.99253e-70
6.63345e-72
4.65051e-74
3.09709e-76
1.95819e-78
1.1747e-80
6.68112e-83
3.59972e-85
1.83563e-87
8.8501e-90
4.02959e-92
1.73047e-94
6.99905e-97
2.66189e-99
9.50265e-102
3.17788e-104
9.93337e-107
2.89489e-109
7.84347e-112
1.96937e-114
4.56553e-117
9.73118e-120
1.89769e-122
3.36656e-125
5.39653e-128
7.7534e-131
9.8865e-134
1.10523e-136
1.06651e-139
8.70373e-143
5.84136e-146
3.09556e-149
1.21457e-152
3.1368e-156
4e-160
0
0
0
0
0
0
0
0
0
0
0
0
0
0
0
0
0
0
0
1.30136
0.420529
0.099064
0.0180803
0.00266843
0.000328421
3.44881e-05
3.14476e-06
2.5245e-07
1.80407e-08
1.15817e-09
6.73004e-11
3.56255e-12
1.72729e-13
7.70666e-15
3.17708e-16
1.2145e-17
4.31843e-19
1.43224e-20
4.44153e-22
1.29069e-23
3.52154e-25
9.03693e-27
2.18457e-28
4.98174e-30
1.07303e-31
2.18548e-33
4.21337e-35
7.69581e-37
1.33282e-38
2.19023e-40
3.41732e-42
5.06524e-44
7.13574e-46
9.55825e-48
1.21777e-49
1.47612e-51
1.70268e-53
1.86924e-55
1.95325e-57
1.94278e-59
1.83926e-61
1.65722e-63
1.42091e-65
1.15906e-67
8.99253e-70
6.63345e-72
4.65051e-74
3.09709e-76
1.95819e-78
1.1747e-80
6.68112e-83
3.59972e-85
1.83563e-87
8.8501e-90
4.02959e-92
1.73047e-94
6.99905e-97
2.66189e-99
9.50265e-102
3.17788e-104
9.93337e-107
2.89489e-109
7.84347e-112
1.96937e-114
4.56553e-117
9.73118e-120
1.89769e-122
3.36656e-125
5.39653e-128
7.7534e-131
9.8865e-134
1.10523e-136
1.06651e-139
8.70373e-143
5.84136e-146
3.09556e-149
1.21457e-152
3.1368e-156
4e-160
0
0
0
0
0
0
0
0
0
0
0
0
0
0
0
0
0
0
0
1.30136
0.420529
0.099064
0.0180803
0.00266843
0.000328421
3.44881e-05
3.14476e-06
2.5245e-07
1.80407e-08
1.15817e-09
6.73004e-11
3.56255e-12
1.72729e-13
7.70666e-15
3.17708e-16
1.2145e-17
4.31843e-19
1.43224e-20
4.44153e-22
1.29069e-23
3.52154e-25
9.03693e-27
2.18457e-28
4.98174e-30
1.07303e-31
2.18548e-33
4.21337e-35
7.69581e-37
1.33282e-38
2.19023e-40
3.41732e-42
5.06524e-44
7.13574e-46
9.55825e-48
1.21777e-49
1.47612e-51
1.70268e-53
1.86924e-55
1.95325e-57
1.94278e-59
1.83926e-61
1.65722e-63
1.42091e-65
1.15906e-67
8.99253e-70
6.63345e-72
4.65051e-74
3.09709e-76
1.95819e-78
1.1747e-80
6.68112e-83
3.59972e-85
1.83563e-87
8.8501e-90
4.02959e-92
1.73047e-94
6.99905e-97
2.66189e-99
9.50265e-102
3.17788e-104
9.93337e-107
2.89489e-109
7.84347e-112
1.96937e-114
4.56553e-117
9.73118e-120
1.89769e-122
3.36656e-125
5.39653e-128
7.7534e-131
9.8865e-134
1.10523e-136
1.06651e-139
8.70373e-143
5.84136e-146
3.09556e-149
1.21457e-152
3.1368e-156
4e-160
0
0
0
0
0
0
0
0
0
0
0
0
0
0
0
0
0
0
0
1.30136
0.420529
0.099064
0.0180803
0.00266843
0.000328421
3.44881e-05
3.14476e-06
2.5245e-07
1.80407e-08
1.15817e-09
6.73004e-11
3.56255e-12
1.72729e-13
7.70666e-15
3.17708e-16
1.2145e-17
4.31843e-19
1.43224e-20
4.44153e-22
1.29069e-23
3.52154e-25
9.03693e-27
2.18457e-28
4.98174e-30
1.07303e-31
2.18548e-33
4.21337e-35
7.69581e-37
1.33282e-38
2.19023e-40
3.41732e-42
5.06524e-44
7.13574e-46
9.55825e-48
1.21777e-49
1.47612e-51
1.70268e-53
1.86924e-55
1.95325e-57
1.94278e-59
1.83926e-61
1.65722e-63
1.42091e-65
1.15906e-67
8.99253e-70
6.63345e-72
4.65051e-74
3.09709e-76
1.95819e-78
1.1747e-80
6.68112e-83
3.59972e-85
1.83563e-87
8.8501e-90
4.02959e-92
1.73047e-94
6.99905e-97
2.66189e-99
9.50265e-102
3.17788e-104
9.93337e-107
2.89489e-109
7.84347e-112
1.96937e-114
4.56553e-117
9.73118e-120
1.89769e-122
3.36656e-125
5.39653e-128
7.7534e-131
9.8865e-134
1.10523e-136
1.06651e-139
8.70373e-143
5.84136e-146
3.09556e-149
1.21457e-152
3.1368e-156
4e-160
0
0
0
0
0
0
0
0
0
0
0
0
0
0
0
0
0
0
0
1.30136
0.420529
0.099064
0.0180803
0.00266843
0.000328421
3.44881e-05
3.14476e-06
2.5245e-07
1.80407e-08
1.15817e-09
6.73004e-11
3.56255e-12
1.72729e-13
7.70666e-15
3.17708e-16
1.2145e-17
4.31843e-19
1.43224e-20
4.44153e-22
1.29069e-23
3.52154e-25
9.03693e-27
2.18457e-28
4.98174e-30
1.07303e-31
2.18548e-33
4.21337e-35
7.69581e-37
1.33282e-38
2.19023e-40
3.41732e-42
5.06524e-44
7.13574e-46
9.55825e-48
1.21777e-49
1.47612e-51
1.70268e-53
1.86924e-55
1.95325e-57
1.94278e-59
1.83926e-61
1.65722e-63
1.42091e-65
1.15906e-67
8.99253e-70
6.63345e-72
4.65051e-74
3.09709e-76
1.95819e-78
1.1747e-80
6.68112e-83
3.59972e-85
1.83563e-87
8.8501e-90
4.02959e-92
1.73047e-94
6.99905e-97
2.66189e-99
9.50265e-102
3.17788e-104
9.93337e-107
2.89489e-109
7.84347e-112
1.96937e-114
4.56553e-117
9.73118e-120
1.89769e-122
3.36656e-125
5.39653e-128
7.7534e-131
9.8865e-134
1.10523e-136
1.06651e-139
8.70373e-143
5.84136e-146
3.09556e-149
1.21457e-152
3.1368e-156
4e-160
0
0
0
0
0
0
0
0
0
0
0
0
0
0
0
0
0
0
0
1.30136
0.420529
0.099064
0.0180803
0.00266843
0.000328421
3.44881e-05
3.14476e-06
2.5245e-07
1.80407e-08
1.15817e-09
6.73004e-11
3.56255e-12
1.72729e-13
7.70666e-15
3.17708e-16
1.2145e-17
4.31843e-19
1.43224e-20
4.44153e-22
1.29069e-23
3.52154e-25
9.03693e-27
2.18457e-28
4.98174e-30
1.07303e-31
2.18548e-33
4.21337e-35
7.69581e-37
1.33282e-38
2.19023e-40
3.41732e-42
5.06524e-44
7.13574e-46
9.55825e-48
1.21777e-49
1.47612e-51
1.70268e-53
1.86924e-55
1.95325e-57
1.94278e-59
1.83926e-61
1.65722e-63
1.42091e-65
1.15906e-67
8.99253e-70
6.63345e-72
4.65051e-74
3.09709e-76
1.95819e-78
1.1747e-80
6.68112e-83
3.59972e-85
1.83563e-87
8.8501e-90
4.02959e-92
1.73047e-94
6.99905e-97
2.66189e-99
9.50265e-102
3.17788e-104
9.93337e-107
2.89489e-109
7.84347e-112
1.96937e-114
4.56553e-117
9.73118e-120
1.89769e-122
3.36656e-125
5.39653e-128
7.7534e-131
9.8865e-134
1.10523e-136
1.06651e-139
8.70373e-143
5.84136e-146
3.09556e-149
1.21457e-152
3.1368e-156
4e-160
0
0
0
0
0
0
0
0
0
0
0
0
0
0
0
0
0
0
0
1.30136
0.420529
0.099064
0.0180803
0.00266843
0.000328421
3.44881e-05
3.14476e-06
2.5245e-07
1.80407e-08
1.15817e-09
6.73004e-11
3.56255e-12
1.72729e-13
7.70666e-15
3.17708e-16
1.2145e-17
4.31843e-19
1.43224e-20
4.44153e-22
1.29069e-23
3.52154e-25
9.03693e-27
2.18457e-28
4.98174e-30
1.07303e-31
2.18548e-33
4.21337e-35
7.69581e-37
1.33282e-38
2.19023e-40
3.41732e-42
5.06524e-44
7.13574e-46
9.55825e-48
1.21777e-49
1.47612e-51
1.70268e-53
1.86924e-55
1.95325e-57
1.94278e-59
1.83926e-61
1.65722e-63
1.42091e-65
1.15906e-67
8.99253e-70
6.63345e-72
4.65051e-74
3.09709e-76
1.95819e-78
1.1747e-80
6.68112e-83
3.59972e-85
1.83563e-87
8.8501e-90
4.02959e-92
1.73047e-94
6.99905e-97
2.66189e-99
9.50265e-102
3.17788e-104
9.93337e-107
2.89489e-109
7.84347e-112
1.96937e-114
4.56553e-117
9.73118e-120
1.89769e-122
3.36656e-125
5.39653e-128
7.7534e-131
9.8865e-134
1.10523e-136
1.06651e-139
8.70373e-143
5.84136e-146
3.09556e-149
1.21457e-152
3.1368e-156
4e-160
0
0
0
0
0
0
0
0
0
0
0
0
0
0
0
0
0
0
0
1.30136
0.420529
0.099064
0.0180803
0.00266843
0.000328421
3.44881e-05
3.14476e-06
2.5245e-07
1.80407e-08
1.15817e-09
6.73004e-11
3.56255e-12
1.72729e-13
7.70666e-15
3.17708e-16
1.2145e-17
4.31843e-19
1.43224e-20
4.44153e-22
1.29069e-23
3.52154e-25
9.03693e-27
2.18457e-28
4.98174e-30
1.07303e-31
2.18548e-33
4.21337e-35
7.69581e-37
1.33282e-38
2.19023e-40
3.41732e-42
5.06524e-44
7.13574e-46
9.55825e-48
1.21777e-49
1.47612e-51
1.70268e-53
1.86924e-55
1.95325e-57
1.94278e-59
1.83926e-61
1.65722e-63
1.42091e-65
1.15906e-67
8.99253e-70
6.63345e-72
4.65051e-74
3.09709e-76
1.95819e-78
1.1747e-80
6.68112e-83
3.59972e-85
1.83563e-87
8.8501e-90
4.02959e-92
1.73047e-94
6.99905e-97
2.66189e-99
9.50265e-102
3.17788e-104
9.93337e-107
2.89489e-109
7.84347e-112
1.96937e-114
4.56553e-117
9.73118e-120
1.89769e-122
3.36656e-125
5.39653e-128
7.7534e-131
9.8865e-134
1.10523e-136
1.06651e-139
8.70373e-143
5.84136e-146
3.09556e-149
1.21457e-152
3.1368e-156
4e-160
0
0
0
0
0
0
0
0
0
0
0
0
0
0
0
0
0
0
0
1.30136
0.420529
0.099064
0.0180803
0.00266843
0.000328421
3.44881e-05
3.14476e-06
2.5245e-07
1.80407e-08
1.15817e-09
6.73004e-11
3.56255e-12
1.72729e-13
7.70666e-15
3.17708e-16
1.2145e-17
4.31843e-19
1.43224e-20
4.44153e-22
1.29069e-23
3.52154e-25
9.03693e-27
2.18457e-28
4.98174e-30
1.07303e-31
2.18548e-33
4.21337e-35
7.69581e-37
1.33282e-38
2.19023e-40
3.41732e-42
5.06524e-44
7.13574e-46
9.55825e-48
1.21777e-49
1.47612e-51
1.70268e-53
1.86924e-55
1.95325e-57
1.94278e-59
1.83926e-61
1.65722e-63
1.42091e-65
1.15906e-67
8.99253e-70
6.63345e-72
4.65051e-74
3.09709e-76
1.95819e-78
1.1747e-80
6.68112e-83
3.59972e-85
1.83563e-87
8.8501e-90
4.02959e-92
1.73047e-94
6.99905e-97
2.66189e-99
9.50265e-102
3.17788e-104
9.93337e-107
2.89489e-109
7.84347e-112
1.96937e-114
4.56553e-117
9.73118e-120
1.89769e-122
3.36656e-125
5.39653e-128
7.7534e-131
9.8865e-134
1.10523e-136
1.06651e-139
8.70373e-143
5.84136e-146
3.09556e-149
1.21457e-152
3.1368e-156
4e-160
0
0
0
0
0
0
0
0
0
0
0
0
0
0
0
0
0
0
0
1.30136
0.420529
0.099064
0.0180803
0.00266843
0.000328421
3.44881e-05
3.14476e-06
2.5245e-07
1.80407e-08
1.15817e-09
6.73004e-11
3.56255e-12
1.72729e-13
7.70666e-15
3.17708e-16
1.2145e-17
4.31843e-19
1.43224e-20
4.44153e-22
1.29069e-23
3.52154e-25
9.03693e-27
2.18457e-28
4.98174e-30
1.07303e-31
2.18548e-33
4.21337e-35
7.69581e-37
1.33282e-38
2.19023e-40
3.41732e-42
5.06524e-44
7.13574e-46
9.55825e-48
1.21777e-49
1.47612e-51
1.70268e-53
1.86924e-55
1.95325e-57
1.94278e-59
1.83926e-61
1.65722e-63
1.42091e-65
1.15906e-67
8.99253e-70
6.63345e-72
4.65051e-74
3.09709e-76
1.95819e-78
1.1747e-80
6.68112e-83
3.59972e-85
1.83563e-87
8.8501e-90
4.02959e-92
1.73047e-94
6.99905e-97
2.66189e-99
9.50265e-102
3.17788e-104
9.93337e-107
2.89489e-109
7.84347e-112
1.96937e-114
4.56553e-117
9.73118e-120
1.89769e-122
3.36656e-125
5.39653e-128
7.7534e-131
9.8865e-134
1.10523e-136
1.06651e-139
8.70373e-143
5.84136e-146
3.09556e-149
1.21457e-152
3.1368e-156
4e-160
0
0
0
0
0
0
0
0
0
0
0
0
0
0
0
0
0
0
0
1.30136
0.420529
0.099064
0.0180803
0.00266843
0.000328421
3.44881e-05
3.14476e-06
2.5245e-07
1.80407e-08
1.15817e-09
6.73004e-11
3.56255e-12
1.72729e-13
7.70666e-15
3.17708e-16
1.2145e-17
4.31843e-19
1.43224e-20
4.44153e-22
1.29069e-23
3.52154e-25
9.03693e-27
2.18457e-28
4.98174e-30
1.07303e-31
2.18548e-33
4.21337e-35
7.69581e-37
1.33282e-38
2.19023e-40
3.41732e-42
5.06524e-44
7.13574e-46
9.55825e-48
1.21777e-49
1.47612e-51
1.70268e-53
1.86924e-55
1.95325e-57
1.94278e-59
1.83926e-61
1.65722e-63
1.42091e-65
1.15906e-67
8.99253e-70
6.63345e-72
4.65051e-74
3.09709e-76
1.95819e-78
1.1747e-80
6.68112e-83
3.59972e-85
1.83563e-87
8.8501e-90
4.02959e-92
1.73047e-94
6.99905e-97
2.66189e-99
9.50265e-102
3.17788e-104
9.93337e-107
2.89489e-109
7.84347e-112
1.96937e-114
4.56553e-117
9.73118e-120
1.89769e-122
3.36656e-125
5.39653e-128
7.7534e-131
9.8865e-134
1.10523e-136
1.06651e-139
8.70373e-143
5.84136e-146
3.09556e-149
1.21457e-152
3.1368e-156
4e-160
0
0
0
0
0
0
0
0
0
0
0
0
0
0
0
0
0
0
0
1.30136
0.420529
0.099064
0.0180803
0.00266842
0.000328421
3.44881e-05
3.14476e-06
2.5245e-07
1.80407e-08
1.15817e-09
6.73003e-11
3.56255e-12
1.72729e-13
7.70666e-15
3.17708e-16
1.2145e-17
4.31843e-19
1.43224e-20
4.44153e-22
1.29069e-23
3.52154e-25
9.03692e-27
2.18457e-28
4.98174e-30
1.07303e-31
2.18548e-33
4.21337e-35
7.69581e-37
1.33282e-38
2.19023e-40
3.41732e-42
5.06524e-44
7.13574e-46
9.55825e-48
1.21777e-49
1.47612e-51
1.70268e-53
1.86924e-55
1.95325e-57
1.94278e-59
1.83926e-61
1.65722e-63
1.42091e-65
1.15906e-67
8.99253e-70
6.63345e-72
4.65051e-74
3.09709e-76
1.95819e-78
1.1747e-80
6.68112e-83
3.59972e-85
1.83563e-87
8.8501e-90
4.02959e-92
1.73047e-94
6.99905e-97
2.66189e-99
9.50265e-102
3.17788e-104
9.93337e-107
2.89489e-109
7.84347e-112
1.96937e-114
4.56553e-117
9.73118e-120
1.89769e-122
3.36656e-125
5.39653e-128
7.7534e-131
9.8865e-134
1.10523e-136
1.06651e-139
8.70373e-143
5.84136e-146
3.09556e-149
1.21457e-152
3.1368e-156
4e-160
0
0
0
0
0
0
0
0
0
0
0
0
0
0
0
0
0
0
0
1.30136
0.420528
0.0990638
0.0180803
0.00266842
0.00032842
3.4488e-05
3.14475e-06
2.52449e-07
1.80407e-08
1.15817e-09
6.73002e-11
3.56254e-12
1.72729e-13
7.70664e-15
3.17708e-16
1.21449e-17
4.31842e-19
1.43224e-20
4.44153e-22
1.29069e-23
3.52154e-25
9.03692e-27
2.18457e-28
4.98173e-30
1.07303e-31
2.18548e-33
4.21337e-35
7.69581e-37
1.33282e-38
2.19023e-40
3.41732e-42
5.06524e-44
7.13573e-46
9.55825e-48
1.21777e-49
1.47612e-51
1.70268e-53
1.86924e-55
1.95325e-57
1.94278e-59
1.83926e-61
1.65722e-63
1.42091e-65
1.15906e-67
8.99252e-70
6.63345e-72
4.65051e-74
3.09709e-76
1.95819e-78
1.1747e-80
6.68112e-83
3.59972e-85
1.83563e-87
8.8501e-90
4.02959e-92
1.73047e-94
6.99905e-97
2.66189e-99
9.50265e-102
3.17788e-104
9.93337e-107
2.89489e-109
7.84347e-112
1.96937e-114
4.56553e-117
9.73118e-120
1.89769e-122
3.36656e-125
5.39653e-128
7.7534e-131
9.8865e-134
1.10523e-136
1.06651e-139
8.70373e-143
5.84136e-146
3.09556e-149
1.21457e-152
3.1368e-156
4e-160
0
0
0
0
0
0
0
0
0
0
0
0
0
0
0
0
0
0
0
1.30135
0.420522
0.0990616
0.0180798
0.00266834
0.00032841
3.4487e-05
3.14465e-06
2.52442e-07
1.80401e-08
1.15813e-09
6.72984e-11
3.56245e-12
1.72724e-13
7.70646e-15
3.17701e-16
1.21447e-17
4.31834e-19
1.43222e-20
4.44145e-22
1.29067e-23
3.52149e-25
9.0368e-27
2.18455e-28
4.98168e-30
1.07301e-31
2.18546e-33
4.21334e-35
7.69575e-37
1.33281e-38
2.19022e-40
3.4173e-42
5.06522e-44
7.1357e-46
9.55821e-48
1.21777e-49
1.47611e-51
1.70267e-53
1.86924e-55
1.95325e-57
1.94277e-59
1.83926e-61
1.65722e-63
1.42091e-65
1.15906e-67
8.99252e-70
6.63345e-72
4.65051e-74
3.09709e-76
1.95819e-78
1.1747e-80
6.68112e-83
3.59972e-85
1.83563e-87
8.8501e-90
4.02959e-92
1.73047e-94
6.99905e-97
2.66189e-99
9.50265e-102
3.17788e-104
9.93337e-107
2.89489e-109
7.84347e-112
1.96937e-114
4.56553e-117
9.73118e-120
1.89769e-122
3.36656e-125
5.39653e-128
7.7534e-131
9.8865e-134
1.10523e-136
1.06651e-139
8.70373e-143
5.84136e-146
3.09556e-149
1.21457e-152
3.1368e-156
4e-160
0
0
0
0
0
0
0
0
0
0
0
0
0
0
0
0
0
0
0
1.30127
0.42046
0.099041
0.0180753
0.00266761
0.000328316
3.44768e-05
3.14372e-06
2.52367e-07
1.80349e-08
1.15781e-09
6.728e-11
3.56151e-12
1.72681e-13
7.70461e-15
3.17628e-16
1.2142e-17
4.31745e-19
1.43194e-20
4.44064e-22
1.29045e-23
3.52091e-25
9.03542e-27
2.18424e-28
4.98102e-30
1.07288e-31
2.18521e-33
4.21289e-35
7.695e-37
1.33269e-38
2.19003e-40
3.41705e-42
5.06486e-44
7.13525e-46
9.55766e-48
1.2177e-49
1.47604e-51
1.7026e-53
1.86917e-55
1.95318e-57
1.94271e-59
1.83921e-61
1.65718e-63
1.42088e-65
1.15904e-67
8.99237e-70
6.63335e-72
4.65045e-74
3.09706e-76
1.95817e-78
1.17469e-80
6.68107e-83
3.5997e-85
1.83562e-87
8.85007e-90
4.02958e-92
1.73047e-94
6.99904e-97
2.66189e-99
9.50264e-102
3.17787e-104
9.93336e-107
2.89488e-109
7.84346e-112
1.96937e-114
4.56553e-117
9.73118e-120
1.89769e-122
3.36656e-125
5.39653e-128
7.7534e-131
9.8865e-134
1.10523e-136
1.06651e-139
8.70373e-143
5.84136e-146
3.09556e-149
1.21457e-152
3.1368e-156
4e-160
0
0
0
0
0
0
0
0
0
0
0
0
0
0
0
0
0
0
0
1.30056
0.41994
0.0988722
0.018039
0.00266175
0.000327557
3.43951e-05
3.1362e-06
2.51765e-07
1.79924e-08
1.15512e-09
6.71273e-11
3.55364e-12
1.7231e-13
7.68861e-15
3.16991e-16
1.21186e-17
4.30944e-19
1.42939e-20
4.43308e-22
1.28835e-23
3.51546e-25
9.02209e-27
2.18117e-28
4.97439e-30
1.07153e-31
2.18261e-33
4.20816e-35
7.68686e-37
1.33136e-38
2.18799e-40
3.41406e-42
5.06072e-44
7.12981e-46
9.55088e-48
1.2169e-49
1.47514e-51
1.70164e-53
1.86819e-55
1.95225e-57
1.94186e-59
1.83847e-61
1.65657e-63
1.4204e-65
1.15869e-67
8.98993e-70
6.63173e-72
4.64943e-74
3.09645e-76
1.95783e-78
1.17451e-80
6.68018e-83
3.59928e-85
1.83543e-87
8.84929e-90
4.02928e-92
1.73036e-94
6.99866e-97
2.66177e-99
9.50229e-102
3.17778e-104
9.93312e-107
2.89483e-109
7.84335e-112
1.96935e-114
4.56549e-117
9.73112e-120
1.89768e-122
3.36655e-125
5.39651e-128
7.75339e-131
9.88649e-134
1.10523e-136
1.06651e-139
8.70372e-143
5.84136e-146
3.09556e-149
1.21457e-152
3.1368e-156
4e-160
0
0
0
0
0
0
0
0
0
0
0
0
0
0
0
0
0
0
0
1.29512
0.416266
0.0977236
0.0177975
0.00262321
0.000322601
3.38621e-05
3.08709e-06
2.47816e-07
1.77115e-08
1.13727e-09
6.61038e-11
3.50036e-12
1.69777e-13
7.57797e-15
3.12536e-16
1.19525e-17
4.25196e-19
1.41086e-20
4.37729e-22
1.27263e-23
3.47394e-25
8.91908e-27
2.15713e-28
4.9215e-30
1.06056e-31
2.1611e-33
4.16832e-35
7.61702e-37
1.31977e-38
2.16976e-40
3.38688e-42
5.02227e-44
7.07819e-46
9.48509e-48
1.20894e-49
1.46599e-51
1.69164e-53
1.85782e-55
1.94203e-57
1.93229e-59
1.82996e-61
1.64938e-63
1.41464e-65
1.15431e-67
8.95827e-70
6.61007e-72
4.63538e-74
3.08782e-76
1.95282e-78
1.17175e-80
6.66588e-83
3.59228e-85
1.8322e-87
8.83527e-90
4.02356e-92
1.72817e-94
6.99083e-97
2.65915e-99
9.49414e-102
3.17542e-104
9.92681e-107
2.89327e-109
7.8398e-112
1.96861e-114
4.5641e-117
9.72875e-120
1.89732e-122
3.36606e-125
5.39593e-128
7.7528e-131
9.88597e-134
1.10519e-136
1.06649e-139
8.70364e-143
5.84134e-146
3.09555e-149
1.21457e-152
3.1368e-156
4e-160
0
0
0
0
0
0
0
0
0
0
0
0
0
0
0
0
0
0
0
1.25925
0.395006
0.0914874
0.0165327
0.00242559
0.000297478
3.11757e-05
2.83986e-06
2.27905e-07
1.629e-08
1.04639e-09
6.08574e-11
3.22498e-12
1.56559e-13
6.99496e-15
2.88803e-16
1.10577e-17
3.9384e-19
1.30847e-20
4.06496e-22
1.18343e-23
3.2349e-25
8.3171e-27
2.01443e-28
4.60266e-30
9.93317e-32
2.02712e-33
3.91582e-35
7.16656e-37
1.24363e-38
2.04776e-40
3.20142e-42
4.7547e-44
6.71163e-46
9.00806e-48
1.14995e-49
1.39667e-51
1.61421e-53
1.77559e-55
1.859e-57
1.8526e-59
1.75726e-61
1.58634e-63
1.3627e-65
1.11366e-67
8.6562e-70
6.39701e-72
4.49283e-74
2.9974e-76
1.89848e-78
1.14084e-80
6.49954e-83
3.50771e-85
1.79163e-87
8.65176e-90
3.94544e-92
1.69692e-94
6.87352e-97
2.61792e-99
9.35879e-102
3.13401e-104
9.80907e-107
2.86226e-109
7.76444e-112
1.95178e-114
4.52971e-117
9.66487e-120
1.8866e-122
3.34995e-125
5.37444e-128
7.72767e-131
9.86063e-134
1.10303e-136
1.06498e-139
8.69525e-143
5.8379e-146
3.09463e-149
1.21445e-152
3.1368e-156
4e-160
0
0
0
0
0
0
0
0
0
0
0
0
0
0
0
0
0
0
0
1.05336
0.299125
0.0662069
0.011689
0.00169291
0.000206073
2.15028e-05
1.95406e-06
1.56646e-07
1.11944e-08
7.19402e-10
4.18799e-11
2.22229e-12
1.0806e-13
4.83724e-15
2.00139e-16
7.68054e-18
2.7423e-19
9.13462e-21
2.84557e-22
8.30795e-24
2.27773e-25
5.8742e-27
1.42727e-28
3.27178e-30
7.08475e-32
1.45083e-33
2.81255e-35
5.16614e-37
8.99836e-39
1.48731e-40
2.33431e-42
3.4807e-44
4.9333e-46
6.64882e-48
8.52383e-50
1.03974e-51
1.20701e-53
1.33368e-55
1.40277e-57
1.40451e-59
1.33861e-61
1.21433e-63
1.04833e-65
8.61097e-68
6.7278e-70
4.99818e-72
3.5293e-74
2.36752e-76
1.50793e-78
9.11322e-81
5.22218e-83
2.83507e-85
1.45683e-87
7.07843e-90
3.24826e-92
1.40603e-94
5.7325e-97
2.19791e-99
7.91071e-102
2.66746e-104
8.40787e-107
2.47109e-109
6.75263e-112
1.71017e-114
3.99937e-117
8.59992e-120
1.69209e-122
3.02898e-125
4.89978e-128
7.10478e-131
9.14406e-134
1.03189e-136
1.00524e-139
8.28283e-143
5.61309e-146
3.0039e-149
1.19035e-152
3.1052e-156
4e-160
0
0
0
0
0
0
0
0
0
0
0
0
0
0
0
0
0
0
0
