0.896195
0.178876
0.0261045
0.00293742
0.000265325
1.98177e-05
1.25162e-06
6.79929e-08
3.21997e-09
1.34367e-10
4.98388e-12
1.65495e-13
4.94906e-15
1.33951e-16
3.29512e-18
7.39317e-20
1.51747e-21
2.85646e-23
4.94159e-25
7.8703e-27
1.15562e-28
1.56611e-30
1.96058e-32
2.26858e-34
2.42706e-36
2.40108e-38
2.19621e-40
1.85659e-42
1.44965e-44
1.04454e-46
6.93741e-49
4.24072e-51
2.38161e-53
1.22614e-55
5.77194e-58
2.47664e-60
9.65086e-63
3.40034e-65
1.0776e-67
3.05227e-70
7.66816e-73
1.69259e-75
3.2438e-78
5.31612e-81
7.30198e-84
8.17659e-87
7.16911e-90
4.61621e-93
1.9412e-96
4e-100
0
0
0
0
0
0
0
0
0
0
0
0
0
0
0
0
0
0
0
0
0
0
0
0
0
0
0
0
0
0
0
0
0
0
0
0
0
0
0
0
0
0
0
0
0
0
0
0
0
1.05735
0.229959
0.0349224
0.00400934
0.000365861
2.74552e-05
1.73625e-06
9.42358e-08
4.45207e-09
1.85136e-10
6.83761e-12
2.25939e-13
6.72035e-15
1.80845e-16
4.42164e-18
9.85778e-20
2.01004e-21
3.75804e-23
6.45616e-25
1.02095e-26
1.48824e-28
2.00202e-30
2.48752e-32
2.85643e-34
3.03244e-36
2.97658e-38
2.7011e-40
2.26517e-42
1.75438e-44
1.25379e-46
8.25843e-49
5.00615e-51
2.78779e-53
1.42305e-55
6.64132e-58
2.82496e-60
1.09117e-62
3.81057e-65
1.19681e-67
3.35937e-70
8.36276e-73
1.82892e-75
3.47251e-78
5.63751e-81
7.67001e-84
8.50641e-87
7.38608e-90
4.70939e-93
1.9608e-96
4e-100
0
0
0
0
0
0
0
0
0
0
0
0
0
0
0
0
0
0
0
0
0
0
0
0
0
0
0
0
0
0
0
0
0
0
0
0
0
0
0
0
0
0
0
0
0
0
0
0
0
1.07743
0.237502
0.0363218
0.00418547
0.000382645
2.87365e-05
1.81738e-06
9.85991e-08
4.6548e-09
1.9338e-10
7.13404e-12
2.3544e-13
6.99355e-15
1.87932e-16
4.58821e-18
1.02139e-19
2.07948e-21
3.88192e-23
6.65869e-25
1.05135e-26
1.5302e-28
2.05532e-30
2.54987e-32
2.92364e-34
3.0992e-36
3.03768e-38
2.75261e-40
2.30513e-42
1.78289e-44
1.27247e-46
8.37062e-49
5.0678e-51
2.81871e-53
1.43716e-55
6.6997e-58
2.84677e-60
1.09849e-62
3.83248e-65
1.20262e-67
3.37289e-70
8.39007e-73
1.83363e-75
3.4793e-78
5.6455e-81
7.67735e-84
8.51136e-87
7.38826e-90
4.70986e-93
1.9608e-96
4e-100
0
0
0
0
0
0
0
0
0
0
0
0
0
0
0
0
0
0
0
0
0
0
0
0
0
0
0
0
0
0
0
0
0
0
0
0
0
0
0
0
0
0
0
0
0
0
0
0
0
1.07948
0.238341
0.0364837
0.00420621
0.000384632
2.88879e-05
1.8269e-06
9.91055e-08
4.67801e-09
1.94309e-10
7.16684e-12
2.3647e-13
7.02255e-15
1.88667e-16
4.60508e-18
1.0249e-19
2.08615e-21
3.89349e-23
6.67706e-25
1.05402e-26
1.53377e-28
2.0597e-30
2.55482e-32
2.92878e-34
3.1041e-36
3.04198e-38
2.75608e-40
2.30771e-42
1.78464e-44
1.27356e-46
8.37682e-49
5.07102e-51
2.82023e-53
1.43781e-55
6.7022e-58
2.84763e-60
1.09875e-62
3.8332e-65
1.2028e-67
3.37325e-70
8.3907e-73
1.83372e-75
3.47942e-78
5.64561e-81
7.67743e-84
8.5114e-87
7.38827e-90
4.70986e-93
1.9608e-96
4e-100
0
0
0
0
0
0
0
0
0
0
0
0
0
0
0
0
0
0
0
0
0
0
0
0
0
0
0
0
0
0
0
0
0
0
0
0
0
0
0
0
0
0
0
0
0
0
0
0
0
1.07965
0.238416
0.0364984
0.00420809
0.000384813
2.89016e-05
1.82775e-06
9.915e-08
4.68001e-09
1.94388e-10
7.16957e-12
2.36554e-13
7.02485e-15
1.88724e-16
4.60636e-18
1.02516e-19
2.08663e-21
3.89429e-23
6.67829e-25
1.0542e-26
1.53399e-28
2.05997e-30
2.55511e-32
2.92906e-34
3.10436e-36
3.0422e-38
2.75625e-40
2.30783e-42
1.78472e-44
1.2736e-46
8.37706e-49
5.07114e-51
2.82028e-53
1.43783e-55
6.70227e-58
2.84765e-60
1.09876e-62
3.83322e-65
1.2028e-67
3.37326e-70
8.39071e-73
1.83373e-75
3.47942e-78
5.64561e-81
7.67743e-84
8.5114e-87
7.38827e-90
4.70986e-93
1.9608e-96
4e-100
0
0
0
0
0
0
0
0
0
0
0
0
0
0
0
0
0
0
0
0
0
0
0
0
0
0
0
0
0
0
0
0
0
0
0
0
0
0
0
0
0
0
0
0
0
0
0
0
0
1.07966
0.238421
0.0364994
0.00420823
0.000384826
2.89025e-05
1.82781e-06
9.91531e-08
4.68015e-09
1.94393e-10
7.16975e-12
2.36559e-13
7.025e-15
1.88728e-16
4.60643e-18
1.02517e-19
2.08666e-21
3.89433e-23
6.67836e-25
1.05421e-26
1.534e-28
2.05998e-30
2.55512e-32
2.92908e-34
3.10438e-36
3.04221e-38
2.75626e-40
2.30783e-42
1.78472e-44
1.2736e-46
8.37707e-49
5.07114e-51
2.82028e-53
1.43783e-55
6.70227e-58
2.84765e-60
1.09876e-62
3.83322e-65
1.2028e-67
3.37326e-70
8.39071e-73
1.83373e-75
3.47942e-78
5.64561e-81
7.67743e-84
8.5114e-87
7.38827e-90
4.70986e-93
1.9608e-96
4e-100
0
0
0
0
0
0
0
0
0
0
0
0
0
0
0
0
0
0
0
0
0
0
0
0
0
0
0
0
0
0
0
0
0
0
0
0
0
0
0
0
0
0
0
0
0
0
0
0
0
1.07967
0.238422
0.0364995
0.00420824
0.000384827
2.89026e-05
1.82781e-06
9.91533e-08
4.68016e-09
1.94394e-10
7.16976e-12
2.3656e-13
7.02501e-15
1.88728e-16
4.60643e-18
1.02517e-19
2.08666e-21
3.89434e-23
6.67836e-25
1.05421e-26
1.534e-28
2.05998e-30
2.55512e-32
2.92908e-34
3.10438e-36
3.04221e-38
2.75626e-40
2.30783e-42
1.78472e-44
1.2736e-46
8.37707e-49
5.07114e-51
2.82028e-53
1.43783e-55
6.70227e-58
2.84765e-60
1.09876e-62
3.83322e-65
1.2028e-67
3.37326e-70
8.39071e-73
1.83373e-75
3.47942e-78
5.64561e-81
7.67743e-84
8.5114e-87
7.38827e-90
4.70986e-93
1.9608e-96
4e-100
0
0
0
0
0
0
0
0
0
0
0
0
0
0
0
0
0
0
0
0
0
0
0
0
0
0
0
0
0
0
0
0
0
0
0
0
0
0
0
0
0
0
0
0
0
0
0
0
0
1.07967
0.238422
0.0364995
0.00420824
0.000384827
2.89026e-05
1.82781e-06
9.91533e-08
4.68016e-09
1.94394e-10
7.16976e-12
2.3656e-13
7.02501e-15
1.88728e-16
4.60643e-18
1.02517e-19
2.08666e-21
3.89434e-23
6.67836e-25
1.05421e-26
1.534e-28
2.05998e-30
2.55512e-32
2.92908e-34
3.10438e-36
3.04221e-38
2.75626e-40
2.30783e-42
1.78472e-44
1.2736e-46
8.37707e-49
5.07114e-51
2.82028e-53
1.43783e-55
6.70227e-58
2.84765e-60
1.09876e-62
3.83322e-65
1.2028e-67
3.37326e-70
8.39071e-73
1.83373e-75
3.47942e-78
5.64561e-81
7.67743e-84
8.5114e-87
7.38827e-90
4.70986e-93
1.9608e-96
4e-100
0
0
0
0
0
0
0
0
0
0
0
0
0
0
0
0
0
0
0
0
0
0
0
0
0
0
0
0
0
0
0
0
0
0
0
0
0
0
0
0
0
0
0
0
0
0
0
0
0
1.07967
0.238422
0.0364995
0.00420824
0.000384827
2.89026e-05
1.82781e-06
9.91533e-08
4.68016e-09
1.94394e-10
7.16976e-12
2.3656e-13
7.02501e-15
1.88728e-16
4.60643e-18
1.02517e-19
2.08666e-21
3.89434e-23
6.67836e-25
1.05421e-26
1.534e-28
2.05998e-30
2.55512e-32
2.92908e-34
3.10438e-36
3.04221e-38
2.75626e-40
2.30783e-42
1.78472e-44
1.2736e-46
8.37707e-49
5.07114e-51
2.82028e-53
1.43783e-55
6.70227e-58
2.84765e-60
1.09876e-62
3.83322e-65
1.2028e-67
3.37326e-70
8.39071e-73
1.83373e-75
3.47942e-78
5.64561e-81
7.67743e-84
8.5114e-87
7.38827e-90
4.70986e-93
1.9608e-96
4e-100
0
0
0
0
0
0
0
0
0
0
0
0
0
0
0
0
0
0
0
0
0
0
0
0
0
0
0
0
0
0
0
0
0
0
0
0
0
0
0
0
0
0
0
0
0
0
0
0
0
1.07967
0.238422
0.0364995
0.00420824
0.000384827
2.89026e-05
1.82781e-06
9.91533e-08
4.68016e-09
1.94394e-10
7.16976e-12
2.3656e-13
7.02501e-15
1.88728e-16
4.60643e-18
1.02517e-19
2.08666e-21
3.89434e-23
6.67836e-25
1.05421e-26
1.534e-28
2.05998e-30
2.55512e-32
2.92908e-34
3.10438e-36
3.04221e-38
2.75626e-40
2.30783e-42
1.78472e-44
1.2736e-46
8.37707e-49
5.07114e-51
2.82028e-53
1.43783e-55
6.70227e-58
2.84765e-60
1.09876e-62
3.83322e-65
1.2028e-67
3.37326e-70
8.39071e-73
1.83373e-75
3.47942e-78
5.64561e-81
7.67743e-84
8.5114e-87
7.38827e-90
4.70986e-93
1.9608e-96
4e-100
0
0
0
0
0
0
0
0
0
0
0
0
0
0
0
0
0
0
0
0
0
0
0
0
0
0
0
0
0
0
0
0
0
0
0
0
0
0
0
0
0
0
0
0
0
0
0
0
0
1.07967
0.238422
0.0364995
0.00420824
0.000384827
2.89026e-05
1.82781e-06
9.91533e-08
4.68016e-09
1.94394e-10
7.16976e-12
2.3656e-13
7.02501e-15
1.88728e-16
4.60643e-18
1.02517e-19
2.08666e-21
3.89434e-23
6.67836e-25
1.05421e-26
1.534e-28
2.05998e-30
2.55512e-32
2.92908e-34
3.10438e-36
3.04221e-38
2.75626e-40
2.30783e-42
1.78472e-44
1.2736e-46
8.37707e-49
5.07114e-51
2.82028e-53
1.43783e-55
6.70227e-58
2.84765e-60
1.09876e-62
3.83322e-65
1.2028e-67
3.37326e-70
8.39071e-73
1.83373e-75
3.47942e-78
5.64561e-81
7.67743e-84
8.5114e-87
7.38827e-90
4.70986e-93
1.9608e-96
4e-100
0
0
0
0
0
0
0
0
0
0
0
0
0
0
0
0
0
0
0
0
0
0
0
0
0
0
0
0
0
0
0
0
0
0
0
0
0
0
0
0
0
0
0
0
0
0
0
0
0
1.07967
0.238422
0.0364995
0.00420824
0.000384827
2.89026e-05
1.82781e-06
9.91533e-08
4.68016e-09
1.94394e-10
7.16976e-12
2.3656e-13
7.02501e-15
1.88728e-16
4.60643e-18
1.02517e-19
2.08666e-21
3.89434e-23
6.67836e-25
1.05421e-26
1.534e-28
2.05998e-30
2.55512e-32
2.92908e-34
3.10438e-36
3.04221e-38
2.75626e-40
2.30783e-42
1.78472e-44
1.2736e-46
8.37707e-49
5.07114e-51
2.82028e-53
1.43783e-55
6.70227e-58
2.84765e-60
1.09876e-62
3.83322e-65
1.2028e-67
3.37326e-70
8.39071e-73
1.83373e-75
3.47942e-78
5.64561e-81
7.67743e-84
8.5114e-87
7.38827e-90
4.70986e-93
1.9608e-96
4e-100
0
0
0
0
0
0
0
0
0
0
0
0
0
0
0
0
0
0
0
0
0
0
0
0
0
0
0
0
0
0
0
0
0
0
0
0
0
0
0
0
0
0
0
0
0
0
0
0
0
1.07967
0.238422
0.0364995
0.00420824
0.000384827
2.89026e-05
1.82781e-06
9.91533e-08
4.68016e-09
1.94394e-10
7.16976e-12
2.3656e-13
7.02501e-15
1.88728e-16
4.60643e-18
1.02517e-19
2.08666e-21
3.89434e-23
6.67836e-25
1.05421e-26
1.534e-28
2.05998e-30
2.55512e-32
2.92908e-34
3.10438e-36
3.04221e-38
2.75626e-40
2.30783e-42
1.78472e-44
1.2736e-46
8.37707e-49
5.07114e-51
2.82028e-53
1.43783e-55
6.70227e-58
2.84765e-60
1.09876e-62
3.83322e-65
1.2028e-67
3.37326e-70
8.39071e-73
1.83373e-75
3.47942e-78
5.64561e-81
7.67743e-84
8.5114e-87
7.38827e-90
4.70986e-93
1.9608e-96
4e-100
0
0
0
0
0
0
0
0
0
0
0
0
0
0
0
0
0
0
0
0
0
0
0
0
0
0
0
0
0
0
0
0
0
0
0
0
0
0
0
0
0
0
0
0
0
0
0
0
0
1.07967
0.238422
0.0364995
0.00420824
0.000384827
2.89026e-05
1.82781e-06
9.91533e-08
4.68016e-09
1.94394e-10
7.16976e-12
2.3656e-13
7.02501e-15
1.88728e-16
4.60643e-18
1.02517e-19
2.08666e-21
3.89434e-23
6.67836e-25
1.05421e-26
1.534e-28
2.05998e-30
2.55512e-32
2.92908e-34
3.10438e-36
3.04221e-38
2.75626e-40
2.30783e-42
1.78472e-44
1.2736e-46
8.37707e-49
5.07114e-51
2.82028e-53
1.43783e-55
6.70227e-58
2.84765e-60
1.09876e-62
3.83322e-65
1.2028e-67
3.37326e-70
8.39071e-73
1.83373e-75
3.47942e-78
5.64561e-81
7.67743e-84
8.5114e-87
7.38827e-90
4.70986e-93
1.9608e-96
4e-100
0
0
0
0
0
0
0
0
0
0
0
0
0
0
0
0
0
0
0
0
0
0
0
0
0
0
0
0
0
0
0
0
0
0
0
0
0
0
0
0
0
0
0
0
0
0
0
0
0
1.07967
0.238422
0.0364995
0.00420824
0.000384827
2.89026e-05
1.82781e-06
9.91533e-08
4.68016e-09
1.94394e-10
7.16976e-12
2.3656e-13
7.02501e-15
1.88728e-16
4.60643e-18
1.02517e-19
2.08666e-21
3.89434e-23
6.67836e-25
1.05421e-26
1.534e-28
2.05998e-30
2.55512e-32
2.92908e-34
3.10438e-36
3.04221e-38
2.75626e-40
2.30783e-42
1.78472e-44
1.2736e-46
8.37707e-49
5.07114e-51
2.82028e-53
1.43783e-55
6.70227e-58
2.84765e-60
1.09876e-62
3.83322e-65
1.2028e-67
3.37326e-70
8.39071e-73
1.83373e-75
3.47942e-78
5.64561e-81
7.67743e-84
8.5114e-87
7.38827e-90
4.70986e-93
1.9608e-96
4e-100
0
0
0
0
0
0
0
0
0
0
0
0
0
0
0
0
0
0
0
0
0
0
0
0
0
0
0
0
0
0
0
0
0
0
0
0
0
0
0
0
0
0
0
0
0
0
0
0
0
1.07967
0.238422
0.0364995
0.00420824
0.000384827
2.89026e-05
1.82781e-06
9.91533e-08
4.68016e-09
1.94394e-10
7.16976e-12
2.3656e-13
7.02501e-15
1.88728e-16
4.60643e-18
1.02517e-19
2.08666e-21
3.89434e-23
6.67836e-25
1.05421e-26
1.534e-28
2.05998e-30
2.55512e-32
2.92908e-34
3.10438e-36
3.04221e-38
2.75626e-40
2.30783e-42
1.78472e-44
1.2736e-46
8.37707e-49
5.07114e-51
2.82028e-53
1.43783e-55
6.70227e-58
2.84765e-60
1.09876e-62
3.83322e-65
1.2028e-67
3.37326e-70
8.39071e-73
1.83373e-75
3.47942e-78
5.64561e-81
7.67743e-84
8.5114e-87
7.38827e-90
4.70986e-93
1.9608e-96
4e-100
0
0
0
0
0
0
0
0
0
0
0
0
0
0
0
0
0
0
0
0
0
0
0
0
0
0
0
0
0
0
0
0
0
0
0
0
0
0
0
0
0
0
0
0
0
0
0
0
0
1.07967
0.238422
0.0364995
0.00420824
0.000384827
2.89026e-05
1.82781e-06
9.91533e-08
4.68016e-09
1.94394e-10
7.16976e-12
2.3656e-13
7.02501e-15
1.88728e-16
4.60643e-18
1.02517e-19
2.08666e-21
3.89434e-23
6.67836e-25
1.05421e-26
1.534e-28
2.05998e-30
2.55512e-32
2.92908e-34
3.10438e-36
3.04221e-38
2.75626e-40
2.30783e-42
1.78472e-44
1.2736e-46
8.37707e-49
5.07114e-51
2.82028e-53
1.43783e-55
6.70227e-58
2.84765e-60
1.09876e-62
3.83322e-65
1.2028e-67
3.37326e-70
8.39071e-73
1.83373e-75
3.47942e-78
5.64561e-81
7.67743e-84
8.5114e-87
7.38827e-90
4.70986e-93
1.9608e-96
4e-100
0
0
0
0
0
0
0
0
0
0
0
0
0
0
0
0
0
0
0
0
0
0
0
0
0
0
0
0
0
0
0
0
0
0
0
0
0
0
0
0
0
0
0
0
0
0
0
0
0
1.07967
0.238422
0.0364995
0.00420824
0.000384827
2.89026e-05
1.82781e-06
9.91533e-08
4.68016e-09
1.94394e-10
7.16976e-12
2.3656e-13
7.02501e-15
1.88728e-16
4.60643e-18
1.02517e-19
2.08666e-21
3.89434e-23
6.67836e-25
1.05421e-26
1.534e-28
2.05998e-30
2.55512e-32
2.92908e-34
3.10438e-36
3.04221e-38
2.75626e-40
2.30783e-42
1.78472e-44
1.2736e-46
8.37707e-49
5.07114e-51
2.82028e-53
1.43783e-55
6.70227e-58
2.84765e-60
1.09876e-62
3.83322e-65
1.2028e-67
3.37326e-70
8.39071e-73
1.83373e-75
3.47942e-78
5.64561e-81
7.67743e-84
8.5114e-87
7.38827e-90
4.70986e-93
1.9608e-96
4e-100
0
0
0
0
0
0
0
0
0
0
0
0
0
0
0
0
0
0
0
0
0
0
0
0
0
0
0
0
0
0
0
0
0
0
0
0
0
0
0
0
0
0
0
0
0
0
0
0
0
1.07967
0.238422
0.0364995
0.00420824
0.000384827
2.89026e-05
1.82781e-06
9.91533e-08
4.68016e-09
1.94394e-10
7.16976e-12
2.3656e-13
7.02501e-15
1.88728e-16
4.60643e-18
1.02517e-19
2.08666e-21
3.89434e-23
6.67836e-25
1.05421e-26
1.534e-28
2.05998e-30
2.55512e-32
2.92908e-34
3.10438e-36
3.04221e-38
2.75626e-40
2.30783e-42
1.78472e-44
1.2736e-46
8.37707e-49
5.07114e-51
2.82028e-53
1.43783e-55
6.70227e-58
2.84765e-60
1.09876e-62
3.83322e-65
1.2028e-67
3.37326e-70
8.39071e-73
1.83373e-75
3.47942e-78
5.64561e-81
7.67743e-84
8.5114e-87
7.38827e-90
4.70986e-93
1.9608e-96
4e-100
0
0
0
0
0
0
0
0
0
0
0
0
0
0
0
0
0
0
0
0
0
0
0
0
0
0
0
0
0
0
0
0
0
0
0
0
0
0
0
0
0
0
0
0
0
0
0
0
0
1.07967
0.238422
0.0364995
0.00420824
0.000384827
2.89026e-05
1.82781e-06
9.91533e-08
4.68016e-09
1.94394e-10
7.16976e-12
2.3656e-13
7.02501e-15
1.88728e-16
4.60643e-18
1.02517e-19
2.08666e-21
3.89434e-23
6.67836e-25
1.05421e-26
1.534e-28
2.05998e-30
2.55512e-32
2.92908e-34
3.10438e-36
3.04221e-38
2.75626e-40
2.30783e-42
1.78472e-44
1.2736e-46
8.37707e-49
5.07114e-51
2.82028e-53
1.43783e-55
6.70227e-58
2.84765e-60
1.09876e-62
3.83322e-65
1.2028e-67
3.37326e-70
8.39071e-73
1.83373e-75
3.47942e-78
5.64561e-81
7.67743e-84
8.5114e-87
7.38827e-90
4.70986e-93
1.9608e-96
4e-100
0
0
0
0
0
0
0
0
0
0
0
0
0
0
0
0
0
0
0
0
0
0
0
0
0
0
0
0
0
0
0
0
0
0
0
0
0
0
0
0
0
0
0
0
0
0
0
0
0
1.07967
0.238422
0.0364995
0.00420824
0.000384827
2.89026e-05
1.82781e-06
9.91533e-08
4.68016e-09
1.94394e-10
7.16976e-12
2.3656e-13
7.02501e-15
1.88728e-16
4.60643e-18
1.02517e-19
2.08666e-21
3.89434e-23
6.67836e-25
1.05421e-26
1.534e-28
2.05998e-30
2.55512e-32
2.92908e-34
3.10438e-36
3.04221e-38
2.75626e-40
2.30783e-42
1.78472e-44
1.2736e-46
8.37707e-49
5.07114e-51
2.82028e-53
1.43783e-55
6.70227e-58
2.84765e-60
1.09876e-62
3.83322e-65
1.2028e-67
3.37326e-70
8.39071e-73
1.83373e-75
3.47942e-78
5.64561e-81
7.67743e-84
8.5114e-87
7.38827e-90
4.70986e-93
1.9608e-96
4e-100
0
0
0
0
0
0
0
0
0
0
0
0
0
0
0
0
0
0
0
0
0
0
0
0
0
0
0
0
0
0
0
0
0
0
0
0
0
0
0
0
0
0
0
0
0
0
0
0
0
1.07967
0.238422
0.0364995
0.00420824
0.000384827
2.89026e-05
1.82781e-06
9.91533e-08
4.68016e-09
1.94394e-10
7.16976e-12
2.3656e-13
7.02501e-15
1.88728e-16
4.60643e-18
1.02517e-19
2.08666e-21
3.89434e-23
6.67836e-25
1.05421e-26
1.534e-28
2.05998e-30
2.55512e-32
2.92908e-34
3.10438e-36
3.04221e-38
2.75626e-40
2.30783e-42
1.78472e-44
1.2736e-46
8.37707e-49
5.07114e-51
2.82028e-53
1.43783e-55
6.70227e-58
2.84765e-60
1.09876e-62
3.83322e-65
1.2028e-67
3.37326e-70
8.39071e-73
1.83373e-75
3.47942e-78
5.64561e-81
7.67743e-84
8.5114e-87
7.38827e-90
4.70986e-93
1.9608e-96
4e-100
0
0
0
0
0
0
0
0
0
0
0
0
0
0
0
0
0
0
0
0
0
0
0
0
0
0
0
0
0
0
0
0
0
0
0
0
0
0
0
0
0
0
0
0
0
0
0
0
0
1.07967
0.238422
0.0364995
0.00420824
0.000384827
2.89026e-05
1.82781e-06
9.91533e-08
4.68016e-09
1.94394e-10
7.16976e-12
2.3656e-13
7.02501e-15
1.88728e-16
4.60643e-18
1.02517e-19
2.08666e-21
3.89434e-23
6.67836e-25
1.05421e-26
1.534e-28
2.05998e-30
2.55512e-32
2.92908e-34
3.10438e-36
3.04221e-38
2.75626e-40
2.30783e-42
1.78472e-44
1.2736e-46
8.37707e-49
5.07114e-51
2.82028e-53
1.43783e-55
6.70227e-58
2.84765e-60
1.09876e-62
3.83322e-65
1.2028e-67
3.37326e-70
8.39071e-73
1.83373e-75
3.47942e-78
5.64561e-81
7.67743e-84
8.5114e-87
7.38827e-90
4.70986e-93
1.9608e-96
4e-100
0
0
0
0
0
0
0
0
0
0
0
0
0
0
0
0
0
0
0
0
0
0
0
0
0
0
0
0
0
0
0
0
0
0
0
0
0
0
0
0
0
0
0
0
0
0
0
0
0
1.07967
0.238422
0.0364995
0.00420824
0.000384827
2.89026e-05
1.82781e-06
9.91533e-08
4.68016e-09
1.94394e-10
7.16976e-12
2.3656e-13
7.02501e-15
1.88728e-16
4.60643e-18
1.02517e-19
2.08666e-21
3.89434e-23
6.67836e-25
1.05421e-26
1.534e-28
2.05998e-30
2.55512e-32
2.92908e-34
3.10438e-36
3.04221e-38
2.75626e-40
2.30783e-42
1.78472e-44
1.2736e-46
8.37707e-49
5.07114e-51
2.82028e-53
1.43783e-55
6.70227e-58
2.84765e-60
1.09876e-62
3.83322e-65
1.2028e-67
3.37326e-70
8.39071e-73
1.83373e-75
3.47942e-78
5.64561e-81
7.67743e-84
8.5114e-87
7.38827e-90
4.70986e-93
1.9608e-96
4e-100
0
0
0
0
0
0
0
0
0
0
0
0
0
0
0
0
0
0
0
0
0
0
0
0
0
0
0
0
0
0
0
0
0
0
0
0
0
0
0
0
0
0
0
0
0
0
0
0
0
1.07967
0.238422
0.0364995
0.00420824
0.000384827
2.89026e-05
1.82781e-06
9.91533e-08
4.68016e-09
1.94394e-10
7.16976e-12
2.3656e-13
7.02501e-15
1.88728e-16
4.60643e-18
1.02517e-19
2.08666e-21
3.89434e-23
6.67836e-25
1.05421e-26
1.534e-28
2.05998e-30
2.55512e-32
2.92908e-34
3.10438e-36
3.04221e-38
2.75626e-40
2.30783e-42
1.78472e-44
1.2736e-46
8.37707e-49
5.07114e-51
2.82028e-53
1.43783e-55
6.70227e-58
2.84765e-60
1.09876e-62
3.83322e-65
1.2028e-67
3.37326e-70
8.39071e-73
1.83373e-75
3.47942e-78
5.64561e-81
7.67743e-84
8.5114e-87
7.38827e-90
4.70986e-93
1.9608e-96
4e-100
0
0
0
0
0
0
0
0
0
0
0
0
0
0
0
0
0
0
0
0
0
0
0
0
0
0
0
0
0
0
0
0
0
0
0
0
0
0
0
0
0
0
0
0
0
0
0
0
0
1.07967
0.238422
0.0364995
0.00420824
0.000384827
2.89026e-05
1.82781e-06
9.91533e-08
4.68016e-09
1.94394e-10
7.16976e-12
2.3656e-13
7.02501e-15
1.88728e-16
4.60643e-18
1.02517e-19
2.08666e-21
3.89434e-23
6.67836e-25
1.05421e-26
1.534e-28
2.05998e-30
2.55512e-32
2.92908e-34
3.10438e-36
3.04221e-38
2.75626e-40
2.30783e-42
1.78472e-44
1.2736e-46
8.37707e-49
5.07114e-51
2.82028e-53
1.43783e-55
6.70227e-58
2.84765e-60
1.09876e-62
3.83322e-65
1.2028e-67
3.37326e-70
8.39071e-73
1.83373e-75
3.47942e-78
5.64561e-81
7.67743e-84
8.5114e-87
7.38827e-90
4.70986e-93
1.9608e-96
4e-100
0
0
0
0
0
0
0
0
0
0
0
0
0
0
0
0
0
0
0
0
0
0
0
0
0
0
0
0
0
0
0
0
0
0
0
0
0
0
0
0
0
0
0
0
0
0
0
0
0
1.07967
0.238422
0.0364995
0.00420824
0.000384827
2.89026e-05
1.82781e-06
9.91533e-08
4.68016e-09
1.94394e-10
7.16976e-12
2.3656e-13
7.02501e-15
1.88728e-16
4.60643e-18
1.02517e-19
2.08666e-21
3.89434e-23
6.67836e-25
1.05421e-26
1.534e-28
2.05998e-30
2.55512e-32
2.92908e-34
3.10438e-36
3.04221e-38
2.75626e-40
2.30783e-42
1.78472e-44
1.2736e-46
8.37707e-49
5.07114e-51
2.82028e-53
1.43783e-55
6.70227e-58
2.84765e-60
1.09876e-62
3.83322e-65
1.2028e-67
3.37326e-70
8.39071e-73
1.83373e-75
3.47942e-78
5.64561e-81
7.67743e-84
8.5114e-87
7.38827e-90
4.70986e-93
1.9608e-96
4e-100
0
0
0
0
0
0
0
0
0
0
0
0
0
0
0
0
0
0
0
0
0
0
0
0
0
0
0
0
0
0
0
0
0
0
0
0
0
0
0
0
0
0
0
0
0
0
0
0
0
1.07967
0.238422
0.0364995
0.00420824
0.000384827
2.89026e-05
1.82781e-06
9.91533e-08
4.68016e-09
1.94394e-10
7.16976e-12
2.3656e-13
7.02501e-15
1.88728e-16
4.60643e-18
1.02517e-19
2.08666e-21
3.89434e-23
6.67836e-25
1.05421e-26
1.534e-28
2.05998e-30
2.55512e-32
2.92908e-34
3.10438e-36
3.04221e-38
2.75626e-40
2.30783e-42
1.78472e-44
1.2736e-46
8.37707e-49
5.07114e-51
2.82028e-53
1.43783e-55
6.70227e-58
2.84765e-60
1.09876e-62
3.83322e-65
1.2028e-67
3.37326e-70
8.39071e-73
1.83373e-75
3.47942e-78
5.64561e-81
7.67743e-84
8.5114e-87
7.38827e-90
4.70986e-93
1.9608e-96
4e-100
0
0
0
0
0
0
0
0
0
0
0
0
0
0
0
0
0
0
0
0
0
0
0
0
0
0
0
0
0
0
0
0
0
0
0
0
0
0
0
0
0
0
0
0
0
0
0
0
0
1.07967
0.238422
0.0364995
0.00420824
0.000384827
2.89026e-05
1.82781e-06
9.91533e-08
4.68016e-09
1.94394e-10
7.16976e-12
2.3656e-13
7.02501e-15
1.88728e-16
4.60643e-18
1.02517e-19
2.08666e-21
3.89434e-23
6.67836e-25
1.05421e-26
1.534e-28
2.05998e-30
2.55512e-32
2.92908e-34
3.10438e-36
3.04221e-38
2.75626e-40
2.30783e-42
1.78472e-44
1.2736e-46
8.37707e-49
5.07114e-51
2.82028e-53
1.43783e-55
6.70227e-58
2.84765e-60
1.09876e-62
3.83322e-65
1.2028e-67
3.37326e-70
8.39071e-73
1.83373e-75
3.47942e-78
5.64561e-81
7.67743e-84
8.5114e-87
7.38827e-90
4.70986e-93
1.9608e-96
4e-100
0
0
0
0
0
0
0
0
0
0
0
0
0
0
0
0
0
0
0
0
0
0
0
0
0
0
0
0
0
0
0
0
0
0
0
0
0
0
0
0
0
0
0
0
0
0
0
0
0
1.07967
0.238422
0.0364995
0.00420824
0.000384827
2.89026e-05
1.82781e-06
9.91533e-08
4.68016e-09
1.94394e-10
7.16976e-12
2.3656e-13
7.02501e-15
1.88728e-16
4.60643e-18
1.02517e-19
2.08666e-21
3.89434e-23
6.67836e-25
1.05421e-26
1.534e-28
2.05998e-30
2.55512e-32
2.92908e-34
3.10438e-36
3.04221e-38
2.75626e-40
2.30783e-42
1.78472e-44
1.2736e-46
8.37707e-49
5.07114e-51
2.82028e-53
1.43783e-55
6.70227e-58
2.84765e-60
1.09876e-62
3.83322e-65
1.2028e-67
3.37326e-70
8.39071e-73
1.83373e-75
3.47942e-78
5.64561e-81
7.67743e-84
8.5114e-87
7.38827e-90
4.70986e-93
1.9608e-96
4e-100
0
0
0
0
0
0
0
0
0
0
0
0
0
0
0
0
0
0
0
0
0
0
0
0
0
0
0
0
0
0
0
0
0
0
0
0
0
0
0
0
0
0
0
0
0
0
0
0
0
1.07967
0.238422
0.0364995
0.00420824
0.000384827
2.89026e-05
1.82781e-06
9.91533e-08
4.68016e-09
1.94394e-10
7.16976e-12
2.3656e-13
7.02501e-15
1.88728e-16
4.60643e-18
1.02517e-19
2.08666e-21
3.89434e-23
6.67836e-25
1.05421e-26
1.534e-28
2.05998e-30
2.55512e-32
2.92908e-34
3.10438e-36
3.04221e-38
2.75626e-40
2.30783e-42
1.78472e-44
1.2736e-46
8.37707e-49
5.07114e-51
2.82028e-53
1.43783e-55
6.70227e-58
2.84765e-60
1.09876e-62
3.83322e-65
1.2028e-67
3.37326e-70
8.39071e-73
1.83373e-75
3.47942e-78
5.64561e-81
7.67743e-84
8.5114e-87
7.38827e-90
4.70986e-93
1.9608e-96
4e-100
0
0
0
0
0
0
0
0
0
0
0
0
0
0
0
0
0
0
0
0
0
0
0
0
0
0
0
0
0
0
0
0
0
0
0
0
0
0
0
0
0
0
0
0
0
0
0
0
0
1.07967
0.238422
0.0364995
0.00420824
0.000384827
2.89026e-05
1.82781e-06
9.91533e-08
4.68016e-09
1.94394e-10
7.16976e-12
2.3656e-13
7.02501e-15
1.88728e-16
4.60643e-18
1.02517e-19
2.08666e-21
3.89434e-23
6.67836e-25
1.05421e-26
1.534e-28
2.05998e-30
2.55512e-32
2.92908e-34
3.10438e-36
3.04221e-38
2.75626e-40
2.30783e-42
1.78472e-44
1.2736e-46
8.37707e-49
5.07114e-51
2.82028e-53
1.43783e-55
6.70227e-58
2.84765e-60
1.09876e-62
3.83322e-65
1.2028e-67
3.37326e-70
8.39071e-73
1.83373e-75
3.47942e-78
5.64561e-81
7.67743e-84
8.5114e-87
7.38827e-90
4.70986e-93
1.9608e-96
4e-100
0
0
0
0
0
0
0
0
0
0
0
0
0
0
0
0
0
0
0
0
0
0
0
0
0
0
0
0
0
0
0
0
0
0
0
0
0
0
0
0
0
0
0
0
0
0
0
0
0
1.07967
0.238422
0.0364995
0.00420824
0.000384827
2.89026e-05
1.82781e-06
9.91533e-08
4.68016e-09
1.94394e-10
7.16976e-12
2.3656e-13
7.02501e-15
1.88728e-16
4.60643e-18
1.02517e-19
2.08666e-21
3.89434e-23
6.67836e-25
1.05421e-26
1.534e-28
2.05998e-30
2.55512e-32
2.92908e-34
3.10438e-36
3.04221e-38
2.75626e-40
2.30783e-42
1.78472e-44
1.2736e-46
8.37707e-49
5.07114e-51
2.82028e-53
1.43783e-55
6.70227e-58
2.84765e-60
1.09876e-62
3.83322e-65
1.2028e-67
3.37326e-70
8.39071e-73
1.83373e-75
3.47942e-78
5.64561e-81
7.67743e-84
8.5114e-87
7.38827e-90
4.70986e-93
1.9608e-96
4e-100
0
0
0
0
0
0
0
0
0
0
0
0
0
0
0
0
0
0
0
0
0
0
0
0
0
0
0
0
0
0
0
0
0
0
0
0
0
0
0
0
0
0
0
0
0
0
0
0
0
1.07967
0.238422
0.0364995
0.00420824
0.000384827
2.89026e-05
1.82781e-06
9.91533e-08
4.68016e-09
1.94394e-10
7.16976e-12
2.3656e-13
7.02501e-15
1.88728e-16
4.60643e-18
1.02517e-19
2.08666e-21
3.89434e-23
6.67836e-25
1.05421e-26
1.534e-28
2.05998e-30
2.55512e-32
2.92908e-34
3.10438e-36
3.04221e-38
2.75626e-40
2.30783e-42
1.78472e-44
1.2736e-46
8.37707e-49
5.07114e-51
2.82028e-53
1.43783e-55
6.70227e-58
2.84765e-60
1.09876e-62
3.83322e-65
1.2028e-67
3.37326e-70
8.39071e-73
1.83373e-75
3.47942e-78
5.64561e-81
7.67743e-84
8.5114e-87
7.38827e-90
4.70986e-93
1.9608e-96
4e-100
0
0
0
0
0
0
0
0
0
0
0
0
0
0
0
0
0
0
0
0
0
0
0
0
0
0
0
0
0
0
0
0
0
0
0
0
0
0
0
0
0
0
0
0
0
0
0
0
0
1.07967
0.238422
0.0364995
0.00420824
0.000384827
2.89026e-05
1.82781e-06
9.91533e-08
4.68016e-09
1.94394e-10
7.16976e-12
2.3656e-13
7.02501e-15
1.88728e-16
4.60643e-18
1.02517e-19
2.08666e-21
3.89434e-23
6.67836e-25
1.05421e-26
1.534e-28
2.05998e-30
2.55512e-32
2.92908e-34
3.10438e-36
3.04221e-38
2.75626e-40
2.30783e-42
1.78472e-44
1.2736e-46
8.37707e-49
5.07114e-51
2.82028e-53
1.43783e-55
6.70227e-58
2.84765e-60
1.09876e-62
3.83322e-65
1.2028e-67
3.37326e-70
8.39071e-73
1.83373e-75
3.47942e-78
5.64561e-81
7.67743e-84
8.5114e-87
7.38827e-90
4.70986e-93
1.9608e-96
4e-100
0
0
0
0
0
0
0
0
0
0
0
0
0
0
0
0
0
0
0
0
0
0
0
0
0
0
0
0
0
0
0
0
0
0
0
0
0
0
0
0
0
0
0
0
0
0
0
0
0
1.07967
0.238422
0.0364995
0.00420824
0.000384827
2.89026e-05
1.82781e-06
9.91533e-08
4.68016e-09
1.94394e-10
7.16976e-12
2.3656e-13
7.02501e-15
1.88728e-16
4.60643e-18
1.02517e-19
2.08666e-21
3.89434e-23
6.67836e-25
1.05421e-26
1.534e-28
2.05998e-30
2.55512e-32
2.92908e-34
3.10438e-36
3.04221e-38
2.75626e-40
2.30783e-42
1.78472e-44
1.2736e-46
8.37707e-49
5.07114e-51
2.82028e-53
1.43783e-55
6.70227e-58
2.84765e-60
1.09876e-62
3.83322e-65
1.2028e-67
3.37326e-70
8.39071e-73
1.83373e-75
3.47942e-78
5.64561e-81
7.67743e-84
8.5114e-87
7.38827e-90
4.70986e-93
1.9608e-96
4e-100
0
0
0
0
0
0
0
0
0
0
0
0
0
0
0
0
0
0
0
0
0
0
0
0
0
0
0
0
0
0
0
0
0
0
0
0
0
0
0
0
0
0
0
0
0
0
0
0
0
1.07967
0.238422
0.0364995
0.00420824
0.000384827
2.89026e-05
1.82781e-06
9.91533e-08
4.68016e-09
1.94394e-10
7.16976e-12
2.3656e-13
7.02501e-15
1.88728e-16
4.60643e-18
1.02517e-19
2.08666e-21
3.89434e-23
6.67836e-25
1.05421e-26
1.534e-28
2.05998e-30
2.55512e-32
2.92908e-34
3.10438e-36
3.04221e-38
2.75626e-40
2.30783e-42
1.78472e-44
1.2736e-46
8.37707e-49
5.07114e-51
2.82028e-53
1.43783e-55
6.70227e-58
2.84765e-60
1.09876e-62
3.83322e-65
1.2028e-67
3.37326e-70
8.39071e-73
1.83373e-75
3.47942e-78
5.64561e-81
7.67743e-84
8.5114e-87
7.38827e-90
4.70986e-93
1.9608e-96
4e-100
0
0
0
0
0
0
0
0
0
0
0
0
0
0
0
0
0
0
0
0
0
0
0
0
0
0
0
0
0
0
0
0
0
0
0
0
0
0
0
0
0
0
0
0
0
0
0
0
0
1.07967
0.238422
0.0364995
0.00420824
0.000384827
2.89026e-05
1.82781e-06
9.91533e-08
4.68016e-09
1.94394e-10
7.16976e-12
2.3656e-13
7.02501e-15
1.88728e-16
4.60643e-18
1.02517e-19
2.08666e-21
3.89434e-23
6.67836e-25
1.05421e-26
1.534e-28
2.05998e-30
2.55512e-32
2.92908e-34
3.10438e-36
3.04221e-38
2.75626e-40
2.30783e-42
1.78472e-44
1.2736e-46
8.37707e-49
5.07114e-51
2.82028e-53
1.43783e-55
6.70227e-58
2.84765e-60
1.09876e-62
3.83322e-65
1.2028e-67
3.37326e-70
8.39071e-73
1.83373e-75
3.47942e-78
5.64561e-81
7.67743e-84
8.5114e-87
7.38827e-90
4.70986e-93
1.9608e-96
4e-100
0
0
0
0
0
0
0
0
0
0
0
0
0
0
0
0
0
0
0
0
0
0
0
0
0
0
0
0
0
0
0
0
0
0
0
0
0
0
0
0
0
0
0
0
0
0
0
0
0
1.07967
0.238422
0.0364995
0.00420824
0.000384827
2.89026e-05
1.82781e-06
9.91533e-08
4.68016e-09
1.94394e-10
7.16976e-12
2.3656e-13
7.02501e-15
1.88728e-16
4.60643e-18
1.02517e-19
2.08666e-21
3.89434e-23
6.67836e-25
1.05421e-26
1.534e-28
2.05998e-30
2.55512e-32
2.92908e-34
3.10438e-36
3.04221e-38
2.75626e-40
2.30783e-42
1.78472e-44
1.2736e-46
8.37707e-49
5.07114e-51
2.82028e-53
1.43783e-55
6.70227e-58
2.84765e-60
1.09876e-62
3.83322e-65
1.2028e-67
3.37326e-70
8.39071e-73
1.83373e-75
3.47942e-78
5.64561e-81
7.67743e-84
8.5114e-87
7.38827e-90
4.70986e-93
1.9608e-96
4e-100
0
0
0
0
0
0
0
0
0
0
0
0
0
0
0
0
0
0
0
0
0
0
0
0
0
0
0
0
0
0
0
0
0
0
0
0
0
0
0
0
0
0
0
0
0
0
0
0
0
1.07967
0.238422
0.0364995
0.00420824
0.000384827
2.89026e-05
1.82781e-06
9.91533e-08
4.68016e-09
1.94394e-10
7.16976e-12
2.3656e-13
7.02501e-15
1.88728e-16
4.60643e-18
1.02517e-19
2.08666e-21
3.89434e-23
6.67836e-25
1.05421e-26
1.534e-28
2.05998e-30
2.55512e-32
2.92908e-34
3.10438e-36
3.04221e-38
2.75626e-40
2.30783e-42
1.78472e-44
1.2736e-46
8.37707e-49
5.07114e-51
2.82028e-53
1.43783e-55
6.70227e-58
2.84765e-60
1.09876e-62
3.83322e-65
1.2028e-67
3.37326e-70
8.39071e-73
1.83373e-75
3.47942e-78
5.64561e-81
7.67743e-84
8.5114e-87
7.38827e-90
4.70986e-93
1.9608e-96
4e-100
0
0
0
0
0
0
0
0
0
0
0
0
0
0
0
0
0
0
0
0
0
0
0
0
0
0
0
0
0
0
0
0
0
0
0
0
0
0
0
0
0
0
0
0
0
0
0
0
0
1.07967
0.238422
0.0364995
0.00420824
0.000384827
2.89026e-05
1.82781e-06
9.91533e-08
4.68016e-09
1.94394e-10
7.16976e-12
2.3656e-13
7.02501e-15
1.88728e-16
4.60643e-18
1.02517e-19
2.08666e-21
3.89434e-23
6.67836e-25
1.05421e-26
1.534e-28
2.05998e-30
2.55512e-32
2.92908e-34
3.10438e-36
3.04221e-38
2.75626e-40
2.30783e-42
1.78472e-44
1.2736e-46
8.37707e-49
5.07114e-51
2.82028e-53
1.43783e-55
6.70227e-58
2.84765e-60
1.09876e-62
3.83322e-65
1.2028e-67
3.37326e-70
8.39071e-73
1.83373e-75
3.47942e-78
5.64561e-81
7.67743e-84
8.5114e-87
7.38827e-90
4.70986e-93
1.9608e-96
4e-100
0
0
0
0
0
0
0
0
0
0
0
0
0
0
0
0
0
0
0
0
0
0
0
0
0
0
0
0
0
0
0
0
0
0
0
0
0
0
0
0
0
0
0
0
0
0
0
0
0
1.07967
0.238422
0.0364995
0.00420824
0.000384827
2.89026e-05
1.82781e-06
9.91533e-08
4.68016e-09
1.94394e-10
7.16976e-12
2.3656e-13
7.02501e-15
1.88728e-16
4.60643e-18
1.02517e-19
2.08666e-21
3.89434e-23
6.67836e-25
1.05421e-26
1.534e-28
2.05998e-30
2.55512e-32
2.92908e-34
3.10438e-36
3.04221e-38
2.75626e-40
2.30783e-42
1.78472e-44
1.2736e-46
8.37707e-49
5.07114e-51
2.82028e-53
1.43783e-55
6.70227e-58
2.84765e-60
1.09876e-62
3.83322e-65
1.2028e-67
3.37326e-70
8.39071e-73
1.83373e-75
3.47942e-78
5.64561e-81
7.67743e-84
8.5114e-87
7.38827e-90
4.70986e-93
1.9608e-96
4e-100
0
0
0
0
0
0
0
0
0
0
0
0
0
0
0
0
0
0
0
0
0
0
0
0
0
0
0
0
0
0
0
0
0
0
0
0
0
0
0
0
0
0
0
0
0
0
0
0
0
1.07967
0.238422
0.0364995
0.00420824
0.000384827
2.89026e-05
1.82781e-06
9.91533e-08
4.68016e-09
1.94394e-10
7.16976e-12
2.3656e-13
7.02501e-15
1.88728e-16
4.60643e-18
1.02517e-19
2.08666e-21
3.89434e-23
6.67836e-25
1.05421e-26
1.534e-28
2.05998e-30
2.55512e-32
2.92908e-34
3.10438e-36
3.04221e-38
2.75626e-40
2.30783e-42
1.78472e-44
1.2736e-46
8.37707e-49
5.07114e-51
2.82028e-53
1.43783e-55
6.70227e-58
2.84765e-60
1.09876e-62
3.83322e-65
1.2028e-67
3.37326e-70
8.39071e-73
1.83373e-75
3.47942e-78
5.64561e-81
7.67743e-84
8.5114e-87
7.38827e-90
4.70986e-93
1.9608e-96
4e-100
0
0
0
0
0
0
0
0
0
0
0
0
0
0
0
0
0
0
0
0
0
0
0
0
0
0
0
0
0
0
0
0
0
0
0
0
0
0
0
0
0
0
0
0
0
0
0
0
0
1.07967
0.238422
0.0364995
0.00420824
0.000384827
2.89026e-05
1.82781e-06
9.91533e-08
4.68016e-09
1.94394e-10
7.16976e-12
2.3656e-13
7.02501e-15
1.88728e-16
4.60643e-18
1.02517e-19
2.08666e-21
3.89434e-23
6.67836e-25
1.05421e-26
1.534e-28
2.05998e-30
2.55512e-32
2.92908e-34
3.10438e-36
3.04221e-38
2.75626e-40
2.30783e-42
1.78472e-44
1.2736e-46
8.37707e-49
5.07114e-51
2.82028e-53
1.43783e-55
6.70227e-58
2.84765e-60
1.09876e-62
3.83322e-65
1.2028e-67
3.37326e-70
8.39071e-73
1.83373e-75
3.47942e-78
5.64561e-81
7.67743e-84
8.5114e-87
7.38827e-90
4.70986e-93
1.9608e-96
4e-100
0
0
0
0
0
0
0
0
0
0
0
0
0
0
0
0
0
0
0
0
0
0
0
0
0
0
0
0
0
0
0
0
0
0
0
0
0
0
0
0
0
0
0
0
0
0
0
0
0
1.07967
0.238422
0.0364995
0.00420824
0.000384827
2.89026e-05
1.82781e-06
9.91533e-08
4.68016e-09
1.94394e-10
7.16976e-12
2.3656e-13
7.02501e-15
1.88728e-16
4.60643e-18
1.02517e-19
2.08666e-21
3.89434e-23
6.67836e-25
1.05421e-26
1.534e-28
2.05998e-30
2.55512e-32
2.92908e-34
3.10438e-36
3.04221e-38
2.75626e-40
2.30783e-42
1.78472e-44
1.2736e-46
8.37707e-49
5.07114e-51
2.82028e-53
1.43783e-55
6.70227e-58
2.84765e-60
1.09876e-62
3.83322e-65
1.2028e-67
3.37326e-70
8.39071e-73
1.83373e-75
3.47942e-78
5.64561e-81
7.67743e-84
8.5114e-87
7.38827e-90
4.70986e-93
1.9608e-96
4e-100
0
0
0
0
0
0
0
0
0
0
0
0
0
0
0
0
0
0
0
0
0
0
0
0
0
0
0
0
0
0
0
0
0
0
0
0
0
0
0
0
0
0
0
0
0
0
0
0
0
1.07967
0.238422
0.0364995
0.00420824
0.000384827
2.89026e-05
1.82781e-06
9.91533e-08
4.68016e-09
1.94394e-10
7.16976e-12
2.3656e-13
7.02501e-15
1.88728e-16
4.60643e-18
1.02517e-19
2.08666e-21
3.89434e-23
6.67836e-25
1.05421e-26
1.534e-28
2.05998e-30
2.55512e-32
2.92908e-34
3.10438e-36
3.04221e-38
2.75626e-40
2.30783e-42
1.78472e-44
1.2736e-46
8.37707e-49
5.07114e-51
2.82028e-53
1.43783e-55
6.70227e-58
2.84765e-60
1.09876e-62
3.83322e-65
1.2028e-67
3.37326e-70
8.39071e-73
1.83373e-75
3.47942e-78
5.64561e-81
7.67743e-84
8.5114e-87
7.38827e-90
4.70986e-93
1.9608e-96
4e-100
0
0
0
0
0
0
0
0
0
0
0
0
0
0
0
0
0
0
0
0
0
0
0
0
0
0
0
0
0
0
0
0
0
0
0
0
0
0
0
0
0
0
0
0
0
0
0
0
0
1.07967
0.238422
0.0364995
0.00420824
0.000384827
2.89026e-05
1.82781e-06
9.91533e-08
4.68016e-09
1.94394e-10
7.16976e-12
2.3656e-13
7.02501e-15
1.88728e-16
4.60643e-18
1.02517e-19
2.08666e-21
3.89434e-23
6.67836e-25
1.05421e-26
1.534e-28
2.05998e-30
2.55512e-32
2.92908e-34
3.10438e-36
3.04221e-38
2.75626e-40
2.30783e-42
1.78472e-44
1.2736e-46
8.37707e-49
5.07114e-51
2.82028e-53
1.43783e-55
6.70227e-58
2.84765e-60
1.09876e-62
3.83322e-65
1.2028e-67
3.37326e-70
8.39071e-73
1.83373e-75
3.47942e-78
5.64561e-81
7.67743e-84
8.5114e-87
7.38827e-90
4.70986e-93
1.9608e-96
4e-100
0
0
0
0
0
0
0
0
0
0
0
0
0
0
0
0
0
0
0
0
0
0
0
0
0
0
0
0
0
0
0
0
0
0
0
0
0
0
0
0
0
0
0
0
0
0
0
0
0
1.07967
0.238422
0.0364995
0.00420824
0.000384827
2.89026e-05
1.82781e-06
9.91533e-08
4.68016e-09
1.94394e-10
7.16976e-12
2.3656e-13
7.02501e-15
1.88728e-16
4.60643e-18
1.02517e-19
2.08666e-21
3.89434e-23
6.67836e-25
1.05421e-26
1.534e-28
2.05998e-30
2.55512e-32
2.92908e-34
3.10438e-36
3.04221e-38
2.75626e-40
2.30783e-42
1.78472e-44
1.2736e-46
8.37707e-49
5.07114e-51
2.82028e-53
1.43783e-55
6.70227e-58
2.84765e-60
1.09876e-62
3.83322e-65
1.2028e-67
3.37326e-70
8.39071e-73
1.83373e-75
3.47942e-78
5.64561e-81
7.67743e-84
8.5114e-87
7.38827e-90
4.70986e-93
1.9608e-96
4e-100
0
0
0
0
0
0
0
0
0
0
0
0
0
0
0
0
0
0
0
0
0
0
0
0
0
0
0
0
0
0
0
0
0
0
0
0
0
0
0
0
0
0
0
0
0
0
0
0
0
1.07967
0.238422
0.0364995
0.00420824
0.000384827
2.89026e-05
1.82781e-06
9.91533e-08
4.68016e-09
1.94394e-10
7.16976e-12
2.3656e-13
7.02501e-15
1.88728e-16
4.60643e-18
1.02517e-19
2.08666e-21
3.89434e-23
6.67836e-25
1.05421e-26
1.534e-28
2.05998e-30
2.55512e-32
2.92908e-34
3.10438e-36
3.04221e-38
2.75626e-40
2.30783e-42
1.78472e-44
1.2736e-46
8.37707e-49
5.07114e-51
2.82028e-53
1.43783e-55
6.70227e-58
2.84765e-60
1.09876e-62
3.83322e-65
1.2028e-67
3.37326e-70
8.39071e-73
1.83373e-75
3.47942e-78
5.64561e-81
7.67743e-84
8.5114e-87
7.38827e-90
4.70986e-93
1.9608e-96
4e-100
0
0
0
0
0
0
0
0
0
0
0
0
0
0
0
0
0
0
0
0
0
0
0
0
0
0
0
0
0
0
0
0
0
0
0
0
0
0
0
0
0
0
0
0
0
0
0
0
0
1.07967
0.238422
0.0364995
0.00420824
0.000384827
2.89026e-05
1.82781e-06
9.91533e-08
4.68016e-09
1.94394e-10
7.16976e-12
2.3656e-13
7.02501e-15
1.88728e-16
4.60643e-18
1.02517e-19
2.08666e-21
3.89434e-23
6.67836e-25
1.05421e-26
1.534e-28
2.05998e-30
2.55512e-32
2.92908e-34
3.10438e-36
3.04221e-38
2.75626e-40
2.30783e-42
1.78472e-44
1.2736e-46
8.37707e-49
5.07114e-51
2.82028e-53
1.43783e-55
6.70227e-58
2.84765e-60
1.09876e-62
3.83322e-65
1.2028e-67
3.37326e-70
8.39071e-73
1.83373e-75
3.47942e-78
5.64561e-81
7.67743e-84
8.5114e-87
7.38827e-90
4.70986e-93
1.9608e-96
4e-100
0
0
0
0
0
0
0
0
0
0
0
0
0
0
0
0
0
0
0
0
0
0
0
0
0
0
0
0
0
0
0
0
0
0
0
0
0
0
0
0
0
0
0
0
0
0
0
0
0
1.07967
0.238422
0.0364995
0.00420824
0.000384827
2.89026e-05
1.82781e-06
9.91533e-08
4.68016e-09
1.94394e-10
7.16976e-12
2.3656e-13
7.02501e-15
1.88728e-16
4.60643e-18
1.02517e-19
2.08666e-21
3.89434e-23
6.67836e-25
1.05421e-26
1.534e-28
2.05998e-30
2.55512e-32
2.92908e-34
3.10438e-36
3.04221e-38
2.75626e-40
2.30783e-42
1.78472e-44
1.2736e-46
8.37707e-49
5.07114e-51
2.82028e-53
1.43783e-55
6.70227e-58
2.84765e-60
1.09876e-62
3.83322e-65
1.2028e-67
3.37326e-70
8.39071e-73
1.83373e-75
3.47942e-78
5.64561e-81
7.67743e-84
8.5114e-87
7.38827e-90
4.70986e-93
1.9608e-96
4e-100
0
0
0
0
0
0
0
0
0
0
0
0
0
0
0
0
0
0
0
0
0
0
0
0
0
0
0
0
0
0
0
0
0
0
0
0
0
0
0
0
0
0
0
0
0
0
0
0
0
1.07967
0.238422
0.0364995
0.00420824
0.000384827
2.89026e-05
1.82781e-06
9.91533e-08
4.68016e-09
1.94394e-10
7.16976e-12
2.3656e-13
7.02501e-15
1.88728e-16
4.60643e-18
1.02517e-19
2.08666e-21
3.89434e-23
6.67836e-25
1.05421e-26
1.534e-28
2.05998e-30
2.55512e-32
2.92908e-34
3.10438e-36
3.04221e-38
2.75626e-40
2.30783e-42
1.78472e-44
1.2736e-46
8.37707e-49
5.07114e-51
2.82028e-53
1.43783e-55
6.70227e-58
2.84765e-60
1.09876e-62
3.83322e-65
1.2028e-67
3.37326e-70
8.39071e-73
1.83373e-75
3.47942e-78
5.64561e-81
7.67743e-84
8.5114e-87
7.38827e-90
4.70986e-93
1.9608e-96
4e-100
0
0
0
0
0
0
0
0
0
0
0
0
0
0
0
0
0
0
0
0
0
0
0
0
0
0
0
0
0
0
0
0
0
0
0
0
0
0
0
0
0
0
0
0
0
0
0
0
0
1.07967
0.238422
0.0364995
0.00420824
0.000384827
2.89026e-05
1.82781e-06
9.91533e-08
4.68016e-09
1.94394e-10
7.16976e-12
2.3656e-13
7.02501e-15
1.88728e-16
4.60643e-18
1.02517e-19
2.08666e-21
3.89434e-23
6.67836e-25
1.05421e-26
1.534e-28
2.05998e-30
2.55512e-32
2.92908e-34
3.10438e-36
3.04221e-38
2.75626e-40
2.30783e-42
1.78472e-44
1.2736e-46
8.37707e-49
5.07114e-51
2.82028e-53
1.43783e-55
6.70227e-58
2.84765e-60
1.09876e-62
3.83322e-65
1.2028e-67
3.37326e-70
8.39071e-73
1.83373e-75
3.47942e-78
5.64561e-81
7.67743e-84
8.5114e-87
7.38827e-90
4.70986e-93
1.9608e-96
4e-100
0
0
0
0
0
0
0
0
0
0
0
0
0
0
0
0
0
0
0
0
0
0
0
0
0
0
0
0
0
0
0
0
0
0
0
0
0
0
0
0
0
0
0
0
0
0
0
0
0
1.07967
0.238422
0.0364995
0.00420824
0.000384827
2.89026e-05
1.82781e-06
9.91533e-08
4.68016e-09
1.94394e-10
7.16976e-12
2.3656e-13
7.02501e-15
1.88728e-16
4.60643e-18
1.02517e-19
2.08666e-21
3.89434e-23
6.67836e-25
1.05421e-26
1.534e-28
2.05998e-30
2.55512e-32
2.92908e-34
3.10438e-36
3.04221e-38
2.75626e-40
2.30783e-42
1.78472e-44
1.2736e-46
8.37707e-49
5.07114e-51
2.82028e-53
1.43783e-55
6.70227e-58
2.84765e-60
1.09876e-62
3.83322e-65
1.2028e-67
3.37326e-70
8.39071e-73
1.83373e-75
3.47942e-78
5.64561e-81
7.67743e-84
8.5114e-87
7.38827e-90
4.70986e-93
1.9608e-96
4e-100
0
0
0
0
0
0
0
0
0
0
0
0
0
0
0
0
0
0
0
0
0
0
0
0
0
0
0
0
0
0
0
0
0
0
0
0
0
0
0
0
0
0
0
0
0
0
0
0
0
1.07967
0.238422
0.0364995
0.00420824
0.000384827
2.89026e-05
1.82781e-06
9.91533e-08
4.68016e-09
1.94394e-10
7.16976e-12
2.3656e-13
7.02501e-15
1.88728e-16
4.60643e-18
1.02517e-19
2.08666e-21
3.89434e-23
6.67836e-25
1.05421e-26
1.534e-28
2.05998e-30
2.55512e-32
2.92908e-34
3.10438e-36
3.04221e-38
2.75626e-40
2.30783e-42
1.78472e-44
1.2736e-46
8.37707e-49
5.07114e-51
2.82028e-53
1.43783e-55
6.70227e-58
2.84765e-60
1.09876e-62
3.83322e-65
1.2028e-67
3.37326e-70
8.39071e-73
1.83373e-75
3.47942e-78
5.64561e-81
7.67743e-84
8.5114e-87
7.38827e-90
4.70986e-93
1.9608e-96
4e-100
0
0
0
0
0
0
0
0
0
0
0
0
0
0
0
0
0
0
0
0
0
0
0
0
0
0
0
0
0
0
0
0
0
0
0
0
0
0
0
0
0
0
0
0
0
0
0
0
0
1.07967
0.238422
0.0364995
0.00420824
0.000384827
2.89026e-05
1.82781e-06
9.91533e-08
4.68016e-09
1.94394e-10
7.16976e-12
2.3656e-13
7.02501e-15
1.88728e-16
4.60643e-18
1.02517e-19
2.08666e-21
3.89434e-23
6.67836e-25
1.05421e-26
1.534e-28
2.05998e-30
2.55512e-32
2.92908e-34
3.10438e-36
3.04221e-38
2.75626e-40
2.30783e-42
1.78472e-44
1.2736e-46
8.37707e-49
5.07114e-51
2.82028e-53
1.43783e-55
6.70227e-58
2.84765e-60
1.09876e-62
3.83322e-65
1.2028e-67
3.37326e-70
8.39071e-73
1.83373e-75
3.47942e-78
5.64561e-81
7.67743e-84
8.5114e-87
7.38827e-90
4.70986e-93
1.9608e-96
4e-100
0
0
0
0
0
0
0
0
0
0
0
0
0
0
0
0
0
0
0
0
0
0
0
0
0
0
0
0
0
0
0
0
0
0
0
0
0
0
0
0
0
0
0
0
0
0
0
0
0
1.07967
0.238422
0.0364995
0.00420824
0.000384827
2.89026e-05
1.82781e-06
9.91533e-08
4.68016e-09
1.94394e-10
7.16976e-12
2.3656e-13
7.02501e-15
1.88728e-16
4.60643e-18
1.02517e-19
2.08666e-21
3.89434e-23
6.67836e-25
1.05421e-26
1.534e-28
2.05998e-30
2.55512e-32
2.92908e-34
3.10438e-36
3.04221e-38
2.75626e-40
2.30783e-42
1.78472e-44
1.2736e-46
8.37707e-49
5.07114e-51
2.82028e-53
1.43783e-55
6.70227e-58
2.84765e-60
1.09876e-62
3.83322e-65
1.2028e-67
3.37326e-70
8.39071e-73
1.83373e-75
3.47942e-78
5.64561e-81
7.67743e-84
8.5114e-87
7.38827e-90
4.70986e-93
1.9608e-96
4e-100
0
0
0
0
0
0
0
0
0
0
0
0
0
0
0
0
0
0
0
0
0
0
0
0
0
0
0
0
0
0
0
0
0
0
0
0
0
0
0
0
0
0
0
0
0
0
0
0
0
1.07967
0.238422
0.0364995
0.00420824
0.000384827
2.89026e-05
1.82781e-06
9.91533e-08
4.68016e-09
1.94394e-10
7.16976e-12
2.3656e-13
7.02501e-15
1.88728e-16
4.60643e-18
1.02517e-19
2.08666e-21
3.89434e-23
6.67836e-25
1.05421e-26
1.534e-28
2.05998e-30
2.55512e-32
2.92908e-34
3.10438e-36
3.04221e-38
2.75626e-40
2.30783e-42
1.78472e-44
1.2736e-46
8.37707e-49
5.07114e-51
2.82028e-53
1.43783e-55
6.70227e-58
2.84765e-60
1.09876e-62
3.83322e-65
1.2028e-67
3.37326e-70
8.39071e-73
1.83373e-75
3.47942e-78
5.64561e-81
7.67743e-84
8.5114e-87
7.38827e-90
4.70986e-93
1.9608e-96
4e-100
0
0
0
0
0
0
0
0
0
0
0
0
0
0
0
0
0
0
0
0
0
0
0
0
0
0
0
0
0
0
0
0
0
0
0
0
0
0
0
0
0
0
0
0
0
0
0
0
0
1.07967
0.238422
0.0364995
0.00420824
0.000384827
2.89026e-05
1.82781e-06
9.91533e-08
4.68016e-09
1.94394e-10
7.16976e-12
2.3656e-13
7.02501e-15
1.88728e-16
4.60643e-18
1.02517e-19
2.08666e-21
3.89434e-23
6.67836e-25
1.05421e-26
1.534e-28
2.05998e-30
2.55512e-32
2.92908e-34
3.10438e-36
3.04221e-38
2.75626e-40
2.30783e-42
1.78472e-44
1.2736e-46
8.37707e-49
5.07114e-51
2.82028e-53
1.43783e-55
6.70227e-58
2.84765e-60
1.09876e-62
3.83322e-65
1.2028e-67
3.37326e-70
8.39071e-73
1.83373e-75
3.47942e-78
5.64561e-81
7.67743e-84
8.5114e-87
7.38827e-90
4.70986e-93
1.9608e-96
4e-100
0
0
0
0
0
0
0
0
0
0
0
0
0
0
0
0
0
0
0
0
0
0
0
0
0
0
0
0
0
0
0
0
0
0
0
0
0
0
0
0
0
0
0
0
0
0
0
0
0
1.07967
0.238422
0.0364995
0.00420824
0.000384827
2.89026e-05
1.82781e-06
9.91533e-08
4.68016e-09
1.94394e-10
7.16976e-12
2.3656e-13
7.02501e-15
1.88728e-16
4.60643e-18
1.02517e-19
2.08666e-21
3.89434e-23
6.67836e-25
1.05421e-26
1.534e-28
2.05998e-30
2.55512e-32
2.92908e-34
3.10438e-36
3.04221e-38
2.75626e-40
2.30783e-42
1.78472e-44
1.2736e-46
8.37707e-49
5.07114e-51
2.82028e-53
1.43783e-55
6.70227e-58
2.84765e-60
1.09876e-62
3.83322e-65
1.2028e-67
3.37326e-70
8.39071e-73
1.83373e-75
3.47942e-78
5.64561e-81
7.67743e-84
8.5114e-87
7.38827e-90
4.70986e-93
1.9608e-96
4e-100
0
0
0
0
0
0
0
0
0
0
0
0
0
0
0
0
0
0
0
0
0
0
0
0
0
0
0
0
0
0
0
0
0
0
0
0
0
0
0
0
0
0
0
0
0
0
0
0
0
1.07967
0.238422
0.0364995
0.00420824
0.000384827
2.89026e-05
1.82781e-06
9.91533e-08
4.68016e-09
1.94394e-10
7.16976e-12
2.3656e-13
7.02501e-15
1.88728e-16
4.60643e-18
1.02517e-19
2.08666e-21
3.89434e-23
6.67836e-25
1.05421e-26
1.534e-28
2.05998e-30
2.55512e-32
2.92908e-34
3.10438e-36
3.04221e-38
2.75626e-40
2.30783e-42
1.78472e-44
1.2736e-46
8.37707e-49
5.07114e-51
2.82028e-53
1.43783e-55
6.70227e-58
2.84765e-60
1.09876e-62
3.83322e-65
1.2028e-67
3.37326e-70
8.39071e-73
1.83373e-75
3.47942e-78
5.64561e-81
7.67743e-84
8.5114e-87
7.38827e-90
4.70986e-93
1.9608e-96
4e-100
0
0
0
0
0
0
0
0
0
0
0
0
0
0
0
0
0
0
0
0
0
0
0
0
0
0
0
0
0
0
0
0
0
0
0
0
0
0
0
0
0
0
0
0
0
0
0
0
0
1.07967
0.238422
0.0364995
0.00420824
0.000384827
2.89026e-05
1.82781e-06
9.91533e-08
4.68016e-09
1.94394e-10
7.16976e-12
2.3656e-13
7.02501e-15
1.88728e-16
4.60643e-18
1.02517e-19
2.08666e-21
3.89434e-23
6.67836e-25
1.05421e-26
1.534e-28
2.05998e-30
2.55512e-32
2.92908e-34
3.10438e-36
3.04221e-38
2.75626e-40
2.30783e-42
1.78472e-44
1.2736e-46
8.37707e-49
5.07114e-51
2.82028e-53
1.43783e-55
6.70227e-58
2.84765e-60
1.09876e-62
3.83322e-65
1.2028e-67
3.37326e-70
8.39071e-73
1.83373e-75
3.47942e-78
5.64561e-81
7.67743e-84
8.5114e-87
7.38827e-90
4.70986e-93
1.9608e-96
4e-100
0
0
0
0
0
0
0
0
0
0
0
0
0
0
0
0
0
0
0
0
0
0
0
0
0
0
0
0
0
0
0
0
0
0
0
0
0
0
0
0
0
0
0
0
0
0
0
0
0
1.07967
0.238422
0.0364995
0.00420824
0.000384827
2.89026e-05
1.82781e-06
9.91533e-08
4.68016e-09
1.94394e-10
7.16976e-12
2.3656e-13
7.02501e-15
1.88728e-16
4.60643e-18
1.02517e-19
2.08666e-21
3.89434e-23
6.67836e-25
1.05421e-26
1.534e-28
2.05998e-30
2.55512e-32
2.92908e-34
3.10438e-36
3.04221e-38
2.75626e-40
2.30783e-42
1.78472e-44
1.2736e-46
8.37707e-49
5.07114e-51
2.82028e-53
1.43783e-55
6.70227e-58
2.84765e-60
1.09876e-62
3.83322e-65
1.2028e-67
3.37326e-70
8.39071e-73
1.83373e-75
3.47942e-78
5.64561e-81
7.67743e-84
8.5114e-87
7.38827e-90
4.70986e-93
1.9608e-96
4e-100
0
0
0
0
0
0
0
0
0
0
0
0
0
0
0
0
0
0
0
0
0
0
0
0
0
0
0
0
0
0
0
0
0
0
0
0
0
0
0
0
0
0
0
0
0
0
0
0
0
1.07967
0.238422
0.0364995
0.00420824
0.000384827
2.89026e-05
1.82781e-06
9.91533e-08
4.68016e-09
1.94394e-10
7.16976e-12
2.3656e-13
7.02501e-15
1.88728e-16
4.60643e-18
1.02517e-19
2.08666e-21
3.89434e-23
6.67836e-25
1.05421e-26
1.534e-28
2.05998e-30
2.55512e-32
2.92908e-34
3.10438e-36
3.04221e-38
2.75626e-40
2.30783e-42
1.78472e-44
1.2736e-46
8.37707e-49
5.07114e-51
2.82028e-53
1.43783e-55
6.70227e-58
2.84765e-60
1.09876e-62
3.83322e-65
1.2028e-67
3.37326e-70
8.39071e-73
1.83373e-75
3.47942e-78
5.64561e-81
7.67743e-84
8.5114e-87
7.38827e-90
4.70986e-93
1.9608e-96
4e-100
0
0
0
0
0
0
0
0
0
0
0
0
0
0
0
0
0
0
0
0
0
0
0
0
0
0
0
0
0
0
0
0
0
0
0
0
0
0
0
0
0
0
0
0
0
0
0
0
0
1.07967
0.238422
0.0364995
0.00420824
0.000384827
2.89026e-05
1.82781e-06
9.91533e-08
4.68016e-09
1.94394e-10
7.16976e-12
2.3656e-13
7.02501e-15
1.88728e-16
4.60643e-18
1.02517e-19
2.08666e-21
3.89434e-23
6.67836e-25
1.05421e-26
1.534e-28
2.05998e-30
2.55512e-32
2.92908e-34
3.10438e-36
3.04221e-38
2.75626e-40
2.30783e-42
1.78472e-44
1.2736e-46
8.37707e-49
5.07114e-51
2.82028e-53
1.43783e-55
6.70227e-58
2.84765e-60
1.09876e-62
3.83322e-65
1.2028e-67
3.37326e-70
8.39071e-73
1.83373e-75
3.47942e-78
5.64561e-81
7.67743e-84
8.5114e-87
7.38827e-90
4.70986e-93
1.9608e-96
4e-100
0
0
0
0
0
0
0
0
0
0
0
0
0
0
0
0
0
0
0
0
0
0
0
0
0
0
0
0
0
0
0
0
0
0
0
0
0
0
0
0
0
0
0
0
0
0
0
0
0
1.07967
0.238422
0.0364995
0.00420824
0.000384827
2.89026e-05
1.82781e-06
9.91533e-08
4.68016e-09
1.94394e-10
7.16976e-12
2.3656e-13
7.02501e-15
1.88728e-16
4.60643e-18
1.02517e-19
2.08666e-21
3.89434e-23
6.67836e-25
1.05421e-26
1.534e-28
2.05998e-30
2.55512e-32
2.92908e-34
3.10438e-36
3.04221e-38
2.75626e-40
2.30783e-42
1.78472e-44
1.2736e-46
8.37707e-49
5.07114e-51
2.82028e-53
1.43783e-55
6.70227e-58
2.84765e-60
1.09876e-62
3.83322e-65
1.2028e-67
3.37326e-70
8.39071e-73
1.83373e-75
3.47942e-78
5.64561e-81
7.67743e-84
8.5114e-87
7.38827e-90
4.70986e-93
1.9608e-96
4e-100
0
0
0
0
0
0
0
0
0
0
0
0
0
0
0
0
0
0
0
0
0
0
0
0
0
0
0
0
0
0
0
0
0
0
0
0
0
0
0
0
0
0
0
0
0
0
0
0
0
1.07967
0.238422
0.0364995
0.00420824
0.000384827
2.89026e-05
1.82781e-06
9.91533e-08
4.68016e-09
1.94394e-10
7.16976e-12
2.3656e-13
7.02501e-15
1.88728e-16
4.60643e-18
1.02517e-19
2.08666e-21
3.89434e-23
6.67836e-25
1.05421e-26
1.534e-28
2.05998e-30
2.55512e-32
2.92908e-34
3.10438e-36
3.04221e-38
2.75626e-40
2.30783e-42
1.78472e-44
1.2736e-46
8.37707e-49
5.07114e-51
2.82028e-53
1.43783e-55
6.70227e-58
2.84765e-60
1.09876e-62
3.83322e-65
1.2028e-67
3.37326e-70
8.39071e-73
1.83373e-75
3.47942e-78
5.64561e-81
7.67743e-84
8.5114e-87
7.38827e-90
4.70986e-93
1.9608e-96
4e-100
0
0
0
0
0
0
0
0
0
0
0
0
0
0
0
0
0
0
0
0
0
0
0
0
0
0
0
0
0
0
0
0
0
0
0
0
0
0
0
0
0
0
0
0
0
0
0
0
0
1.07967
0.238422
0.0364995
0.00420824
0.000384827
2.89026e-05
1.82781e-06
9.91533e-08
4.68016e-09
1.94394e-10
7.16976e-12
2.3656e-13
7.02501e-15
1.88728e-16
4.60643e-18
1.02517e-19
2.08666e-21
3.89434e-23
6.67836e-25
1.05421e-26
1.534e-28
2.05998e-30
2.55512e-32
2.92908e-34
3.10438e-36
3.04221e-38
2.75626e-40
2.30783e-42
1.78472e-44
1.2736e-46
8.37707e-49
5.07114e-51
2.82028e-53
1.43783e-55
6.70227e-58
2.84765e-60
1.09876e-62
3.83322e-65
1.2028e-67
3.37326e-70
8.39071e-73
1.83373e-75
3.47942e-78
5.64561e-81
7.67743e-84
8.5114e-87
7.38827e-90
4.70986e-93
1.9608e-96
4e-100
0
0
0
0
0
0
0
0
0
0
0
0
0
0
0
0
0
0
0
0
0
0
0
0
0
0
0
0
0
0
0
0
0
0
0
0
0
0
0
0
0
0
0
0
0
0
0
0
0
1.07967
0.238422
0.0364995
0.00420824
0.000384827
2.89026e-05
1.82781e-06
9.91533e-08
4.68016e-09
1.94394e-10
7.16976e-12
2.3656e-13
7.02501e-15
1.88728e-16
4.60643e-18
1.02517e-19
2.08666e-21
3.89434e-23
6.67836e-25
1.05421e-26
1.534e-28
2.05998e-30
2.55512e-32
2.92908e-34
3.10438e-36
3.04221e-38
2.75626e-40
2.30783e-42
1.78472e-44
1.2736e-46
8.37707e-49
5.07114e-51
2.82028e-53
1.43783e-55
6.70227e-58
2.84765e-60
1.09876e-62
3.83322e-65
1.2028e-67
3.37326e-70
8.39071e-73
1.83373e-75
3.47942e-78
5.64561e-81
7.67743e-84
8.5114e-87
7.38827e-90
4.70986e-93
1.9608e-96
4e-100
0
0
0
0
0
0
0
0
0
0
0
0
0
0
0
0
0
0
0
0
0
0
0
0
0
0
0
0
0
0
0
0
0
0
0
0
0
0
0
0
0
0
0
0
0
0
0
0
0
1.07967
0.238422
0.0364995
0.00420824
0.000384827
2.89026e-05
1.82781e-06
9.91533e-08
4.68016e-09
1.94394e-10
7.16976e-12
2.3656e-13
7.02501e-15
1.88728e-16
4.60643e-18
1.02517e-19
2.08666e-21
3.89434e-23
6.67836e-25
1.05421e-26
1.534e-28
2.05998e-30
2.55512e-32
2.92908e-34
3.10438e-36
3.04221e-38
2.75626e-40
2.30783e-42
1.78472e-44
1.2736e-46
8.37707e-49
5.07114e-51
2.82028e-53
1.43783e-55
6.70227e-58
2.84765e-60
1.09876e-62
3.83322e-65
1.2028e-67
3.37326e-70
8.39071e-73
1.83373e-75
3.47942e-78
5.64561e-81
7.67743e-84
8.5114e-87
7.38827e-90
4.70986e-93
1.9608e-96
4e-100
0
0
0
0
0
0
0
0
0
0
0
0
0
0
0
0
0
0
0
0
0
0
0
0
0
0
0
0
0
0
0
0
0
0
0
0
0
0
0
0
0
0
0
0
0
0
0
0
0
1.07967
0.238422
0.0364995
0.00420824
0.000384827
2.89026e-05
1.82781e-06
9.91533e-08
4.68016e-09
1.94394e-10
7.16976e-12
2.3656e-13
7.02501e-15
1.88728e-16
4.60643e-18
1.02517e-19
2.08666e-21
3.89434e-23
6.67836e-25
1.05421e-26
1.534e-28
2.05998e-30
2.55512e-32
2.92908e-34
3.10438e-36
3.04221e-38
2.75626e-40
2.30783e-42
1.78472e-44
1.2736e-46
8.37707e-49
5.07114e-51
2.82028e-53
1.43783e-55
6.70227e-58
2.84765e-60
1.09876e-62
3.83322e-65
1.2028e-67
3.37326e-70
8.39071e-73
1.83373e-75
3.47942e-78
5.64561e-81
7.67743e-84
8.5114e-87
7.38827e-90
4.70986e-93
1.9608e-96
4e-100
0
0
0
0
0
0
0
0
0
0
0
0
0
0
0
0
0
0
0
0
0
0
0
0
0
0
0
0
0
0
0
0
0
0
0
0
0
0
0
0
0
0
0
0
0
0
0
0
0
1.07967
0.238422
0.0364995
0.00420824
0.000384827
2.89026e-05
1.82781e-06
9.91533e-08
4.68016e-09
1.94394e-10
7.16976e-12
2.3656e-13
7.02501e-15
1.88728e-16
4.60643e-18
1.02517e-19
2.08666e-21
3.89434e-23
6.67836e-25
1.05421e-26
1.534e-28
2.05998e-30
2.55512e-32
2.92908e-34
3.10438e-36
3.04221e-38
2.75626e-40
2.30783e-42
1.78472e-44
1.2736e-46
8.37707e-49
5.07114e-51
2.82028e-53
1.43783e-55
6.70227e-58
2.84765e-60
1.09876e-62
3.83322e-65
1.2028e-67
3.37326e-70
8.39071e-73
1.83373e-75
3.47942e-78
5.64561e-81
7.67743e-84
8.5114e-87
7.38827e-90
4.70986e-93
1.9608e-96
4e-100
0
0
0
0
0
0
0
0
0
0
0
0
0
0
0
0
0
0
0
0
0
0
0
0
0
0
0
0
0
0
0
0
0
0
0
0
0
0
0
0
0
0
0
0
0
0
0
0
0
1.07967
0.238422
0.0364995
0.00420824
0.000384827
2.89026e-05
1.82781e-06
9.91533e-08
4.68016e-09
1.94394e-10
7.16976e-12
2.3656e-13
7.02501e-15
1.88728e-16
4.60643e-18
1.02517e-19
2.08666e-21
3.89434e-23
6.67836e-25
1.05421e-26
1.534e-28
2.05998e-30
2.55512e-32
2.92908e-34
3.10438e-36
3.04221e-38
2.75626e-40
2.30783e-42
1.78472e-44
1.2736e-46
8.37707e-49
5.07114e-51
2.82028e-53
1.43783e-55
6.70227e-58
2.84765e-60
1.09876e-62
3.83322e-65
1.2028e-67
3.37326e-70
8.39071e-73
1.83373e-75
3.47942e-78
5.64561e-81
7.67743e-84
8.5114e-87
7.38827e-90
4.70986e-93
1.9608e-96
4e-100
0
0
0
0
0
0
0
0
0
0
0
0
0
0
0
0
0
0
0
0
0
0
0
0
0
0
0
0
0
0
0
0
0
0
0
0
0
0
0
0
0
0
0
0
0
0
0
0
0
1.07967
0.238422
0.0364995
0.00420824
0.000384827
2.89026e-05
1.82781e-06
9.91533e-08
4.68016e-09
1.94394e-10
7.16976e-12
2.3656e-13
7.02501e-15
1.88728e-16
4.60643e-18
1.02517e-19
2.08666e-21
3.89434e-23
6.67836e-25
1.05421e-26
1.534e-28
2.05998e-30
2.55512e-32
2.92908e-34
3.10438e-36
3.04221e-38
2.75626e-40
2.30783e-42
1.78472e-44
1.2736e-46
8.37707e-49
5.07114e-51
2.82028e-53
1.43783e-55
6.70227e-58
2.84765e-60
1.09876e-62
3.83322e-65
1.2028e-67
3.37326e-70
8.39071e-73
1.83373e-75
3.47942e-78
5.64561e-81
7.67743e-84
8.5114e-87
7.38827e-90
4.70986e-93
1.9608e-96
4e-100
0
0
0
0
0
0
0
0
0
0
0
0
0
0
0
0
0
0
0
0
0
0
0
0
0
0
0
0
0
0
0
0
0
0
0
0
0
0
0
0
0
0
0
0
0
0
0
0
0
1.07967
0.238422
0.0364995
0.00420824
0.000384827
2.89026e-05
1.82781e-06
9.91533e-08
4.68016e-09
1.94394e-10
7.16976e-12
2.3656e-13
7.02501e-15
1.88728e-16
4.60643e-18
1.02517e-19
2.08666e-21
3.89434e-23
6.67836e-25
1.05421e-26
1.534e-28
2.05998e-30
2.55512e-32
2.92908e-34
3.10438e-36
3.04221e-38
2.75626e-40
2.30783e-42
1.78472e-44
1.2736e-46
8.37707e-49
5.07114e-51
2.82028e-53
1.43783e-55
6.70227e-58
2.84765e-60
1.09876e-62
3.83322e-65
1.2028e-67
3.37326e-70
8.39071e-73
1.83373e-75
3.47942e-78
5.64561e-81
7.67743e-84
8.5114e-87
7.38827e-90
4.70986e-93
1.9608e-96
4e-100
0
0
0
0
0
0
0
0
0
0
0
0
0
0
0
0
0
0
0
0
0
0
0
0
0
0
0
0
0
0
0
0
0
0
0
0
0
0
0
0
0
0
0
0
0
0
0
0
0
1.07967
0.238422
0.0364995
0.00420824
0.000384827
2.89026e-05
1.82781e-06
9.91533e-08
4.68016e-09
1.94394e-10
7.16976e-12
2.3656e-13
7.02501e-15
1.88728e-16
4.60643e-18
1.02517e-19
2.08666e-21
3.89434e-23
6.67836e-25
1.05421e-26
1.534e-28
2.05998e-30
2.55512e-32
2.92908e-34
3.10438e-36
3.04221e-38
2.75626e-40
2.30783e-42
1.78472e-44
1.2736e-46
8.37707e-49
5.07114e-51
2.82028e-53
1.43783e-55
6.70227e-58
2.84765e-60
1.09876e-62
3.83322e-65
1.2028e-67
3.37326e-70
8.39071e-73
1.83373e-75
3.47942e-78
5.64561e-81
7.67743e-84
8.5114e-87
7.38827e-90
4.70986e-93
1.9608e-96
4e-100
0
0
0
0
0
0
0
0
0
0
0
0
0
0
0
0
0
0
0
0
0
0
0
0
0
0
0
0
0
0
0
0
0
0
0
0
0
0
0
0
0
0
0
0
0
0
0
0
0
1.07967
0.238422
0.0364995
0.00420824
0.000384827
2.89026e-05
1.82781e-06
9.91533e-08
4.68016e-09
1.94394e-10
7.16976e-12
2.3656e-13
7.02501e-15
1.88728e-16
4.60643e-18
1.02517e-19
2.08666e-21
3.89434e-23
6.67836e-25
1.05421e-26
1.534e-28
2.05998e-30
2.55512e-32
2.92908e-34
3.10438e-36
3.04221e-38
2.75626e-40
2.30783e-42
1.78472e-44
1.2736e-46
8.37707e-49
5.07114e-51
2.82028e-53
1.43783e-55
6.70227e-58
2.84765e-60
1.09876e-62
3.83322e-65
1.2028e-67
3.37326e-70
8.39071e-73
1.83373e-75
3.47942e-78
5.64561e-81
7.67743e-84
8.5114e-87
7.38827e-90
4.70986e-93
1.9608e-96
4e-100
0
0
0
0
0
0
0
0
0
0
0
0
0
0
0
0
0
0
0
0
0
0
0
0
0
0
0
0
0
0
0
0
0
0
0
0
0
0
0
0
0
0
0
0
0
0
0
0
0
1.07967
0.238422
0.0364995
0.00420824
0.000384827
2.89026e-05
1.82781e-06
9.91533e-08
4.68016e-09
1.94394e-10
7.16976e-12
2.3656e-13
7.02501e-15
1.88728e-16
4.60643e-18
1.02517e-19
2.08666e-21
3.89434e-23
6.67836e-25
1.05421e-26
1.534e-28
2.05998e-30
2.55512e-32
2.92908e-34
3.10438e-36
3.04221e-38
2.75626e-40
2.30783e-42
1.78472e-44
1.2736e-46
8.37707e-49
5.07114e-51
2.82028e-53
1.43783e-55
6.70227e-58
2.84765e-60
1.09876e-62
3.83322e-65
1.2028e-67
3.37326e-70
8.39071e-73
1.83373e-75
3.47942e-78
5.64561e-81
7.67743e-84
8.5114e-87
7.38827e-90
4.70986e-93
1.9608e-96
4e-100
0
0
0
0
0
0
0
0
0
0
0
0
0
0
0
0
0
0
0
0
0
0
0
0
0
0
0
0
0
0
0
0
0
0
0
0
0
0
0
0
0
0
0
0
0
0
0
0
0
1.07967
0.238422
0.0364995
0.00420824
0.000384827
2.89026e-05
1.82781e-06
9.91533e-08
4.68016e-09
1.94394e-10
7.16976e-12
2.3656e-13
7.02501e-15
1.88728e-16
4.60643e-18
1.02517e-19
2.08666e-21
3.89434e-23
6.67836e-25
1.05421e-26
1.534e-28
2.05998e-30
2.55512e-32
2.92908e-34
3.10438e-36
3.04221e-38
2.75626e-40
2.30783e-42
1.78472e-44
1.2736e-46
8.37707e-49
5.07114e-51
2.82028e-53
1.43783e-55
6.70227e-58
2.84765e-60
1.09876e-62
3.83322e-65
1.2028e-67
3.37326e-70
8.39071e-73
1.83373e-75
3.47942e-78
5.64561e-81
7.67743e-84
8.5114e-87
7.38827e-90
4.70986e-93
1.9608e-96
4e-100
0
0
0
0
0
0
0
0
0
0
0
0
0
0
0
0
0
0
0
0
0
0
0
0
0
0
0
0
0
0
0
0
0
0
0
0
0
0
0
0
0
0
0
0
0
0
0
0
0
1.07967
0.238422
0.0364995
0.00420824
0.000384827
2.89026e-05
1.82781e-06
9.91533e-08
4.68016e-09
1.94394e-10
7.16976e-12
2.3656e-13
7.02501e-15
1.88728e-16
4.60643e-18
1.02517e-19
2.08666e-21
3.89434e-23
6.67836e-25
1.05421e-26
1.534e-28
2.05998e-30
2.55512e-32
2.92908e-34
3.10438e-36
3.04221e-38
2.75626e-40
2.30783e-42
1.78472e-44
1.2736e-46
8.37707e-49
5.07114e-51
2.82028e-53
1.43783e-55
6.70227e-58
2.84765e-60
1.09876e-62
3.83322e-65
1.2028e-67
3.37326e-70
8.39071e-73
1.83373e-75
3.47942e-78
5.64561e-81
7.67743e-84
8.5114e-87
7.38827e-90
4.70986e-93
1.9608e-96
4e-100
0
0
0
0
0
0
0
0
0
0
0
0
0
0
0
0
0
0
0
0
0
0
0
0
0
0
0
0
0
0
0
0
0
0
0
0
0
0
0
0
0
0
0
0
0
0
0
0
0
1.07967
0.238422
0.0364995
0.00420824
0.000384827
2.89026e-05
1.82781e-06
9.91533e-08
4.68016e-09
1.94394e-10
7.16976e-12
2.3656e-13
7.02501e-15
1.88728e-16
4.60643e-18
1.02517e-19
2.08666e-21
3.89434e-23
6.67836e-25
1.05421e-26
1.534e-28
2.05998e-30
2.55512e-32
2.92908e-34
3.10438e-36
3.04221e-38
2.75626e-40
2.30783e-42
1.78472e-44
1.2736e-46
8.37707e-49
5.07114e-51
2.82028e-53
1.43783e-55
6.70227e-58
2.84765e-60
1.09876e-62
3.83322e-65
1.2028e-67
3.37326e-70
8.39071e-73
1.83373e-75
3.47942e-78
5.64561e-81
7.67743e-84
8.5114e-87
7.38827e-90
4.70986e-93
1.9608e-96
4e-100
0
0
0
0
0
0
0
0
0
0
0
0
0
0
0
0
0
0
0
0
0
0
0
0
0
0
0
0
0
0
0
0
0
0
0
0
0
0
0
0
0
0
0
0
0
0
0
0
0
1.07967
0.238422
0.0364995
0.00420824
0.000384827
2.89026e-05
1.82781e-06
9.91533e-08
4.68016e-09
1.94394e-10
7.16976e-12
2.3656e-13
7.02501e-15
1.88728e-16
4.60643e-18
1.02517e-19
2.08666e-21
3.89434e-23
6.67836e-25
1.05421e-26
1.534e-28
2.05998e-30
2.55512e-32
2.92908e-34
3.10438e-36
3.04221e-38
2.75626e-40
2.30783e-42
1.78472e-44
1.2736e-46
8.37707e-49
5.07114e-51
2.82028e-53
1.43783e-55
6.70227e-58
2.84765e-60
1.09876e-62
3.83322e-65
1.2028e-67
3.37326e-70
8.39071e-73
1.83373e-75
3.47942e-78
5.64561e-81
7.67743e-84
8.5114e-87
7.38827e-90
4.70986e-93
1.9608e-96
4e-100
0
0
0
0
0
0
0
0
0
0
0
0
0
0
0
0
0
0
0
0
0
0
0
0
0
0
0
0
0
0
0
0
0
0
0
0
0
0
0
0
0
0
0
0
0
0
0
0
0
1.07967
0.238422
0.0364995
0.00420824
0.000384827
2.89026e-05
1.82781e-06
9.91533e-08
4.68016e-09
1.94394e-10
7.16976e-12
2.3656e-13
7.02501e-15
1.88728e-16
4.60643e-18
1.02517e-19
2.08666e-21
3.89434e-23
6.67836e-25
1.05421e-26
1.534e-28
2.05998e-30
2.55512e-32
2.92908e-34
3.10438e-36
3.04221e-38
2.75626e-40
2.30783e-42
1.78472e-44
1.2736e-46
8.37707e-49
5.07114e-51
2.82028e-53
1.43783e-55
6.70227e-58
2.84765e-60
1.09876e-62
3.83322e-65
1.2028e-67
3.37326e-70
8.39071e-73
1.83373e-75
3.47942e-78
5.64561e-81
7.67743e-84
8.5114e-87
7.38827e-90
4.70986e-93
1.9608e-96
4e-100
0
0
0
0
0
0
0
0
0
0
0
0
0
0
0
0
0
0
0
0
0
0
0
0
0
0
0
0
0
0
0
0
0
0
0
0
0
0
0
0
0
0
0
0
0
0
0
0
0
1.07967
0.238422
0.0364995
0.00420824
0.000384827
2.89026e-05
1.82781e-06
9.91533e-08
4.68016e-09
1.94394e-10
7.16976e-12
2.3656e-13
7.02501e-15
1.88728e-16
4.60643e-18
1.02517e-19
2.08666e-21
3.89434e-23
6.67836e-25
1.05421e-26
1.534e-28
2.05998e-30
2.55512e-32
2.92908e-34
3.10438e-36
3.04221e-38
2.75626e-40
2.30783e-42
1.78472e-44
1.2736e-46
8.37707e-49
5.07114e-51
2.82028e-53
1.43783e-55
6.70227e-58
2.84765e-60
1.09876e-62
3.83322e-65
1.2028e-67
3.37326e-70
8.39071e-73
1.83373e-75
3.47942e-78
5.64561e-81
7.67743e-84
8.5114e-87
7.38827e-90
4.70986e-93
1.9608e-96
4e-100
0
0
0
0
0
0
0
0
0
0
0
0
0
0
0
0
0
0
0
0
0
0
0
0
0
0
0
0
0
0
0
0
0
0
0
0
0
0
0
0
0
0
0
0
0
0
0
0
0
1.07967
0.238422
0.0364995
0.00420824
0.000384827
2.89026e-05
1.82781e-06
9.91533e-08
4.68016e-09
1.94394e-10
7.16976e-12
2.3656e-13
7.02501e-15
1.88728e-16
4.60643e-18
1.02517e-19
2.08666e-21
3.89434e-23
6.67836e-25
1.05421e-26
1.534e-28
2.05998e-30
2.55512e-32
2.92908e-34
3.10438e-36
3.04221e-38
2.75626e-40
2.30783e-42
1.78472e-44
1.2736e-46
8.37707e-49
5.07114e-51
2.82028e-53
1.43783e-55
6.70227e-58
2.84765e-60
1.09876e-62
3.83322e-65
1.2028e-67
3.37326e-70
8.39071e-73
1.83373e-75
3.47942e-78
5.64561e-81
7.67743e-84
8.5114e-87
7.38827e-90
4.70986e-93
1.9608e-96
4e-100
0
0
0
0
0
0
0
0
0
0
0
0
0
0
0
0
0
0
0
0
0
0
0
0
0
0
0
0
0
0
0
0
0
0
0
0
0
0
0
0
0
0
0
0
0
0
0
0
0
1.07967
0.238422
0.0364995
0.00420824
0.000384827
2.89026e-05
1.82781e-06
9.91533e-08
4.68016e-09
1.94394e-10
7.16976e-12
2.3656e-13
7.02501e-15
1.88728e-16
4.60643e-18
1.02517e-19
2.08666e-21
3.89434e-23
6.67836e-25
1.05421e-26
1.534e-28
2.05998e-30
2.55512e-32
2.92908e-34
3.10438e-36
3.04221e-38
2.75626e-40
2.30783e-42
1.78472e-44
1.2736e-46
8.37707e-49
5.07114e-51
2.82028e-53
1.43783e-55
6.70227e-58
2.84765e-60
1.09876e-62
3.83322e-65
1.2028e-67
3.37326e-70
8.39071e-73
1.83373e-75
3.47942e-78
5.64561e-81
7.67743e-84
8.5114e-87
7.38827e-90
4.70986e-93
1.9608e-96
4e-100
0
0
0
0
0
0
0
0
0
0
0
0
0
0
0
0
0
0
0
0
0
0
0
0
0
0
0
0
0
0
0
0
0
0
0
0
0
0
0
0
0
0
0
0
0
0
0
0
0
1.07967
0.238422
0.0364995
0.00420824
0.000384827
2.89026e-05
1.82781e-06
9.91533e-08
4.68016e-09
1.94394e-10
7.16976e-12
2.3656e-13
7.02501e-15
1.88728e-16
4.60643e-18
1.02517e-19
2.08666e-21
3.89434e-23
6.67836e-25
1.05421e-26
1.534e-28
2.05998e-30
2.55512e-32
2.92908e-34
3.10438e-36
3.04221e-38
2.75626e-40
2.30783e-42
1.78472e-44
1.2736e-46
8.37707e-49
5.07114e-51
2.82028e-53
1.43783e-55
6.70227e-58
2.84765e-60
1.09876e-62
3.83322e-65
1.2028e-67
3.37326e-70
8.39071e-73
1.83373e-75
3.47942e-78
5.64561e-81
7.67743e-84
8.5114e-87
7.38827e-90
4.70986e-93
1.9608e-96
4e-100
0
0
0
0
0
0
0
0
0
0
0
0
0
0
0
0
0
0
0
0
0
0
0
0
0
0
0
0
0
0
0
0
0
0
0
0
0
0
0
0
0
0
0
0
0
0
0
0
0
1.07967
0.238422
0.0364995
0.00420824
0.000384827
2.89026e-05
1.82781e-06
9.91533e-08
4.68016e-09
1.94394e-10
7.16976e-12
2.3656e-13
7.02501e-15
1.88728e-16
4.60643e-18
1.02517e-19
2.08666e-21
3.89434e-23
6.67836e-25
1.05421e-26
1.534e-28
2.05998e-30
2.55512e-32
2.92908e-34
3.10438e-36
3.04221e-38
2.75626e-40
2.30783e-42
1.78472e-44
1.2736e-46
8.37707e-49
5.07114e-51
2.82028e-53
1.43783e-55
6.70227e-58
2.84765e-60
1.09876e-62
3.83322e-65
1.2028e-67
3.37326e-70
8.39071e-73
1.83373e-75
3.47942e-78
5.64561e-81
7.67743e-84
8.5114e-87
7.38827e-90
4.70986e-93
1.9608e-96
4e-100
0
0
0
0
0
0
0
0
0
0
0
0
0
0
0
0
0
0
0
0
0
0
0
0
0
0
0
0
0
0
0
0
0
0
0
0
0
0
0
0
0
0
0
0
0
0
0
0
0
1.07967
0.238422
0.0364995
0.00420824
0.000384827
2.89026e-05
1.82781e-06
9.91533e-08
4.68016e-09
1.94394e-10
7.16976e-12
2.3656e-13
7.02501e-15
1.88728e-16
4.60643e-18
1.02517e-19
2.08666e-21
3.89434e-23
6.67836e-25
1.05421e-26
1.534e-28
2.05998e-30
2.55512e-32
2.92908e-34
3.10438e-36
3.04221e-38
2.75626e-40
2.30783e-42
1.78472e-44
1.2736e-46
8.37707e-49
5.07114e-51
2.82028e-53
1.43783e-55
6.70227e-58
2.84765e-60
1.09876e-62
3.83322e-65
1.2028e-67
3.37326e-70
8.39071e-73
1.83373e-75
3.47942e-78
5.64561e-81
7.67743e-84
8.5114e-87
7.38827e-90
4.70986e-93
1.9608e-96
4e-100
0
0
0
0
0
0
0
0
0
0
0
0
0
0
0
0
0
0
0
0
0
0
0
0
0
0
0
0
0
0
0
0
0
0
0
0
0
0
0
0
0
0
0
0
0
0
0
0
0
1.07967
0.238422
0.0364995
0.00420824
0.000384827
2.89026e-05
1.82781e-06
9.91533e-08
4.68016e-09
1.94394e-10
7.16976e-12
2.3656e-13
7.02501e-15
1.88728e-16
4.60643e-18
1.02517e-19
2.08666e-21
3.89434e-23
6.67836e-25
1.05421e-26
1.534e-28
2.05998e-30
2.55512e-32
2.92908e-34
3.10438e-36
3.04221e-38
2.75626e-40
2.30783e-42
1.78472e-44
1.2736e-46
8.37707e-49
5.07114e-51
2.82028e-53
1.43783e-55
6.70227e-58
2.84765e-60
1.09876e-62
3.83322e-65
1.2028e-67
3.37326e-70
8.39071e-73
1.83373e-75
3.47942e-78
5.64561e-81
7.67743e-84
8.5114e-87
7.38827e-90
4.70986e-93
1.9608e-96
4e-100
0
0
0
0
0
0
0
0
0
0
0
0
0
0
0
0
0
0
0
0
0
0
0
0
0
0
0
0
0
0
0
0
0
0
0
0
0
0
0
0
0
0
0
0
0
0
0
0
0
1.07967
0.238422
0.0364995
0.00420824
0.000384827
2.89026e-05
1.82781e-06
9.91533e-08
4.68016e-09
1.94394e-10
7.16976e-12
2.3656e-13
7.02501e-15
1.88728e-16
4.60643e-18
1.02517e-19
2.08666e-21
3.89434e-23
6.67836e-25
1.05421e-26
1.534e-28
2.05998e-30
2.55512e-32
2.92908e-34
3.10438e-36
3.04221e-38
2.75626e-40
2.30783e-42
1.78472e-44
1.2736e-46
8.37707e-49
5.07114e-51
2.82028e-53
1.43783e-55
6.70227e-58
2.84765e-60
1.09876e-62
3.83322e-65
1.2028e-67
3.37326e-70
8.39071e-73
1.83373e-75
3.47942e-78
5.64561e-81
7.67743e-84
8.5114e-87
7.38827e-90
4.70986e-93
1.9608e-96
4e-100
0
0
0
0
0
0
0
0
0
0
0
0
0
0
0
0
0
0
0
0
0
0
0
0
0
0
0
0
0
0
0
0
0
0
0
0
0
0
0
0
0
0
0
0
0
0
0
0
0
1.07967
0.238422
0.0364995
0.00420824
0.000384827
2.89026e-05
1.82781e-06
9.91533e-08
4.68016e-09
1.94394e-10
7.16976e-12
2.3656e-13
7.02501e-15
1.88728e-16
4.60643e-18
1.02517e-19
2.08666e-21
3.89434e-23
6.67836e-25
1.05421e-26
1.534e-28
2.05998e-30
2.55512e-32
2.92908e-34
3.10438e-36
3.04221e-38
2.75626e-40
2.30783e-42
1.78472e-44
1.2736e-46
8.37707e-49
5.07114e-51
2.82028e-53
1.43783e-55
6.70227e-58
2.84765e-60
1.09876e-62
3.83322e-65
1.2028e-67
3.37326e-70
8.39071e-73
1.83373e-75
3.47942e-78
5.64561e-81
7.67743e-84
8.5114e-87
7.38827e-90
4.70986e-93
1.9608e-96
4e-100
0
0
0
0
0
0
0
0
0
0
0
0
0
0
0
0
0
0
0
0
0
0
0
0
0
0
0
0
0
0
0
0
0
0
0
0
0
0
0
0
0
0
0
0
0
0
0
0
0
1.07967
0.238422
0.0364995
0.00420824
0.000384827
2.89026e-05
1.82781e-06
9.91533e-08
4.68016e-09
1.94394e-10
7.16976e-12
2.3656e-13
7.02501e-15
1.88728e-16
4.60643e-18
1.02517e-19
2.08666e-21
3.89434e-23
6.67836e-25
1.05421e-26
1.534e-28
2.05998e-30
2.55512e-32
2.92908e-34
3.10438e-36
3.04221e-38
2.75626e-40
2.30783e-42
1.78472e-44
1.2736e-46
8.37707e-49
5.07114e-51
2.82028e-53
1.43783e-55
6.70227e-58
2.84765e-60
1.09876e-62
3.83322e-65
1.2028e-67
3.37326e-70
8.39071e-73
1.83373e-75
3.47942e-78
5.64561e-81
7.67743e-84
8.5114e-87
7.38827e-90
4.70986e-93
1.9608e-96
4e-100
0
0
0
0
0
0
0
0
0
0
0
0
0
0
0
0
0
0
0
0
0
0
0
0
0
0
0
0
0
0
0
0
0
0
0
0
0
0
0
0
0
0
0
0
0
0
0
0
0
1.07966
0.238421
0.0364995
0.00420823
0.000384826
2.89025e-05
1.82781e-06
9.91532e-08
4.68015e-09
1.94393e-10
7.16975e-12
2.36559e-13
7.025e-15
1.88728e-16
4.60643e-18
1.02517e-19
2.08666e-21
3.89433e-23
6.67836e-25
1.05421e-26
1.534e-28
2.05998e-30
2.55512e-32
2.92908e-34
3.10438e-36
3.04221e-38
2.75626e-40
2.30783e-42
1.78472e-44
1.2736e-46
8.37707e-49
5.07114e-51
2.82028e-53
1.43783e-55
6.70227e-58
2.84765e-60
1.09876e-62
3.83322e-65
1.2028e-67
3.37326e-70
8.39071e-73
1.83373e-75
3.47942e-78
5.64561e-81
7.67743e-84
8.5114e-87
7.38827e-90
4.70986e-93
1.9608e-96
4e-100
0
0
0
0
0
0
0
0
0
0
0
0
0
0
0
0
0
0
0
0
0
0
0
0
0
0
0
0
0
0
0
0
0
0
0
0
0
0
0
0
0
0
0
0
0
0
0
0
0
1.07965
0.238416
0.0364984
0.0042081
0.000384814
2.89016e-05
1.82775e-06
9.91502e-08
4.68002e-09
1.94388e-10
7.16958e-12
2.36554e-13
7.02486e-15
1.88724e-16
4.60636e-18
1.02516e-19
2.08663e-21
3.89429e-23
6.67829e-25
1.0542e-26
1.53399e-28
2.05997e-30
2.55511e-32
2.92907e-34
3.10437e-36
3.0422e-38
2.75625e-40
2.30783e-42
1.78472e-44
1.2736e-46
8.37706e-49
5.07114e-51
2.82028e-53
1.43783e-55
6.70227e-58
2.84765e-60
1.09876e-62
3.83322e-65
1.2028e-67
3.37326e-70
8.39071e-73
1.83373e-75
3.47942e-78
5.64561e-81
7.67743e-84
8.5114e-87
7.38827e-90
4.70986e-93
1.9608e-96
4e-100
0
0
0
0
0
0
0
0
0
0
0
0
0
0
0
0
0
0
0
0
0
0
0
0
0
0
0
0
0
0
0
0
0
0
0
0
0
0
0
0
0
0
0
0
0
0
0
0
0
1.07949
0.238347
0.0364848
0.00420635
0.000384646
2.88889e-05
1.82696e-06
9.91086e-08
4.67814e-09
1.94314e-10
7.16702e-12
2.36476e-13
7.02269e-15
1.8867e-16
4.60516e-18
1.02492e-19
2.08618e-21
3.89353e-23
6.67712e-25
1.05403e-26
1.53378e-28
2.05972e-30
2.55483e-32
2.92879e-34
3.10411e-36
3.04199e-38
2.75609e-40
2.30771e-42
1.78464e-44
1.27356e-46
8.37682e-49
5.07102e-51
2.82023e-53
1.43781e-55
6.7022e-58
2.84763e-60
1.09875e-62
3.8332e-65
1.2028e-67
3.37325e-70
8.3907e-73
1.83372e-75
3.47942e-78
5.64561e-81
7.67743e-84
8.5114e-87
7.38827e-90
4.70986e-93
1.9608e-96
4e-100
0
0
0
0
0
0
0
0
0
0
0
0
0
0
0
0
0
0
0
0
0
0
0
0
0
0
0
0
0
0
0
0
0
0
0
0
0
0
0
0
0
0
0
0
0
0
0
0
0
1.0776
0.237576
0.0363365
0.00418736
0.000382826
2.87502e-05
1.81823e-06
9.86436e-08
4.65681e-09
1.93459e-10
7.13677e-12
2.35524e-13
6.99585e-15
1.87989e-16
4.58949e-18
1.02164e-19
2.07996e-21
3.88272e-23
6.65993e-25
1.05153e-26
1.53042e-28
2.05559e-30
2.55016e-32
2.92393e-34
3.09946e-36
3.0379e-38
2.75278e-40
2.30525e-42
1.78297e-44
1.27251e-46
8.37086e-49
5.06792e-51
2.81877e-53
1.43719e-55
6.69978e-58
2.84679e-60
1.09849e-62
3.83249e-65
1.20263e-67
3.3729e-70
8.39008e-73
1.83363e-75
3.47931e-78
5.6455e-81
7.67735e-84
8.51136e-87
7.38826e-90
4.70986e-93
1.9608e-96
4e-100
0
0
0
0
0
0
0
0
0
0
0
0
0
0
0
0
0
0
0
0
0
0
0
0
0
0
0
0
0
0
0
0
0
0
0
0
0
0
0
0
0
0
0
0
0
0
0
0
0
1.0594
0.230799
0.0350842
0.00403007
0.000367848
2.76066e-05
1.74577e-06
9.47422e-08
4.47527e-09
1.86065e-10
6.8704e-12
2.2697e-13
6.74935e-15
1.8158e-16
4.43851e-18
9.89293e-20
2.01671e-21
3.76961e-23
6.47452e-25
1.02362e-26
1.49181e-28
2.0064e-30
2.49247e-32
2.86157e-34
3.03734e-36
2.98088e-38
2.70458e-40
2.26774e-42
1.75613e-44
1.25488e-46
8.26463e-49
5.00937e-51
2.78931e-53
1.4237e-55
6.64381e-58
2.82582e-60
1.09144e-62
3.81129e-65
1.19698e-67
3.35973e-70
8.3634e-73
1.82902e-75
3.47262e-78
5.63762e-81
7.67008e-84
8.50644e-87
7.38608e-90
4.70939e-93
1.9608e-96
4e-100
0
0
0
0
0
0
0
0
0
0
0
0
0
0
0
0
0
0
0
0
0
0
0
0
0
0
0
0
0
0
0
0
0
0
0
0
0
0
0
0
0
0
0
0
0
0
0
0
0
0.916268
0.186418
0.027504
0.00311356
0.000282109
2.1099e-05
1.33275e-06
7.23562e-08
3.4227e-09
1.42611e-10
5.28031e-12
1.74995e-13
5.22226e-15
1.41038e-16
3.46169e-18
7.74925e-20
1.58691e-21
2.98034e-23
5.14413e-25
8.17434e-27
1.19758e-28
1.61941e-30
2.02293e-32
2.33579e-34
2.49382e-36
2.46218e-38
2.24771e-40
1.89655e-42
1.47816e-44
1.06322e-46
7.04959e-49
4.30238e-51
2.41253e-53
1.24025e-55
5.83032e-58
2.49845e-60
9.72403e-63
3.42225e-65
1.08341e-67
3.0658e-70
7.69546e-73
1.6973e-75
3.2506e-78
5.32411e-81
7.30933e-84
8.18155e-87
7.17129e-90
4.61668e-93
1.9412e-96
4e-100
0
0
0
0
0
0
0
0
0
0
0
0
0
0
0
0
0
0
0
0
0
0
0
0
0
0
0
0
0
0
0
0
0
0
0
0
0
0
0
0
0
0
0
0
0
0
0
0
0
