0.717833
0.0942193
0.00848651
0.000567657
2.9643e-05
1.24978e-06
4.35628e-08
1.27724e-09
3.19092e-11
6.85926e-13
1.2781e-14
2.07574e-16
2.95014e-18
3.67914e-20
4.03231e-22
3.88566e-24
3.29015e-26
2.44383e-28
1.58774e-30
8.98467e-33
4.40264e-35
1.85364e-37
6.63639e-40
1.99255e-42
4.92327e-45
9.74809e-48
1.48702e-50
1.64063e-53
1.1652e-56
4e-60
0
0
0
0
0
0
0
0
0
0
0
0
0
0
0
0
0
0
0
0
0
0
0
0
0
0
0
0
0
0
0
0
0
0
0
0
0
0
0
0
0
0
0
0
0
0
0
0
0
0
0
0
0
0
0
0
0
0
0
0
0
0
0
0
0
0
0
0
0
0.805687
0.110876
0.0101803
0.000686223
3.5907e-05
1.5121e-06
5.25406e-08
1.53362e-09
3.8109e-11
8.14262e-13
1.50731e-14
2.43102e-16
3.42999e-18
4.24532e-20
4.61666e-22
4.41327e-24
3.70641e-26
2.73009e-28
1.75868e-30
9.86616e-33
4.79224e-35
1.99973e-37
7.09489e-40
2.11075e-42
5.16702e-45
1.01348e-47
1.53132e-50
1.67326e-53
1.1768e-56
4e-60
0
0
0
0
0
0
0
0
0
0
0
0
0
0
0
0
0
0
0
0
0
0
0
0
0
0
0
0
0
0
0
0
0
0
0
0
0
0
0
0
0
0
0
0
0
0
0
0
0
0
0
0
0
0
0
0
0
0
0
0
0
0
0
0
0
0
0
0
0
0.81288
0.112418
0.0103444
0.000697846
3.65178e-05
1.53726e-06
5.33812e-08
1.55692e-09
3.86531e-11
8.25091e-13
1.52583e-14
2.45839e-16
3.46507e-18
4.28442e-20
4.65461e-22
4.4453e-24
3.72989e-26
2.74499e-28
1.76681e-30
9.90412e-33
4.80724e-35
2.00468e-37
7.10826e-40
2.11364e-42
5.17181e-45
1.01405e-47
1.53176e-50
1.67342e-53
1.1768e-56
4e-60
0
0
0
0
0
0
0
0
0
0
0
0
0
0
0
0
0
0
0
0
0
0
0
0
0
0
0
0
0
0
0
0
0
0
0
0
0
0
0
0
0
0
0
0
0
0
0
0
0
0
0
0
0
0
0
0
0
0
0
0
0
0
0
0
0
0
0
0
0
0.813337
0.112521
0.0103555
0.000698628
3.65581e-05
1.53889e-06
5.34338e-08
1.55833e-09
3.86846e-11
8.25691e-13
1.5268e-14
2.45975e-16
3.46672e-18
4.28616e-20
4.65618e-22
4.44653e-24
3.73072e-26
2.74547e-28
1.76705e-30
9.90511e-33
4.80758e-35
2.00478e-37
7.10848e-40
2.11367e-42
5.17185e-45
1.01405e-47
1.53176e-50
1.67342e-53
1.1768e-56
4e-60
0
0
0
0
0
0
0
0
0
0
0
0
0
0
0
0
0
0
0
0
0
0
0
0
0
0
0
0
0
0
0
0
0
0
0
0
0
0
0
0
0
0
0
0
0
0
0
0
0
0
0
0
0
0
0
0
0
0
0
0
0
0
0
0
0
0
0
0
0
0.81336
0.112527
0.0103561
0.000698667
3.65601e-05
1.53896e-06
5.34362e-08
1.55839e-09
3.8686e-11
8.25715e-13
1.52684e-14
2.4598e-16
3.46678e-18
4.28621e-20
4.65623e-22
4.44656e-24
3.73074e-26
2.74548e-28
1.76705e-30
9.90512e-33
4.80758e-35
2.00478e-37
7.10849e-40
2.11367e-42
5.17185e-45
1.01405e-47
1.53176e-50
1.67342e-53
1.1768e-56
4e-60
0
0
0
0
0
0
0
0
0
0
0
0
0
0
0
0
0
0
0
0
0
0
0
0
0
0
0
0
0
0
0
0
0
0
0
0
0
0
0
0
0
0
0
0
0
0
0
0
0
0
0
0
0
0
0
0
0
0
0
0
0
0
0
0
0
0
0
0
0
0.813361
0.112527
0.0103561
0.000698669
3.65602e-05
1.53897e-06
5.34363e-08
1.55839e-09
3.8686e-11
8.25715e-13
1.52684e-14
2.4598e-16
3.46678e-18
4.28621e-20
4.65623e-22
4.44656e-24
3.73074e-26
2.74548e-28
1.76705e-30
9.90512e-33
4.80758e-35
2.00478e-37
7.10849e-40
2.11367e-42
5.17185e-45
1.01405e-47
1.53176e-50
1.67342e-53
1.1768e-56
4e-60
0
0
0
0
0
0
0
0
0
0
0
0
0
0
0
0
0
0
0
0
0
0
0
0
0
0
0
0
0
0
0
0
0
0
0
0
0
0
0
0
0
0
0
0
0
0
0
0
0
0
0
0
0
0
0
0
0
0
0
0
0
0
0
0
0
0
0
0
0
0.813361
0.112527
0.0103561
0.000698669
3.65602e-05
1.53897e-06
5.34363e-08
1.55839e-09
3.8686e-11
8.25715e-13
1.52684e-14
2.4598e-16
3.46678e-18
4.28621e-20
4.65623e-22
4.44656e-24
3.73074e-26
2.74548e-28
1.76705e-30
9.90512e-33
4.80758e-35
2.00478e-37
7.10849e-40
2.11367e-42
5.17185e-45
1.01405e-47
1.53176e-50
1.67342e-53
1.1768e-56
4e-60
0
0
0
0
0
0
0
0
0
0
0
0
0
0
0
0
0
0
0
0
0
0
0
0
0
0
0
0
0
0
0
0
0
0
0
0
0
0
0
0
0
0
0
0
0
0
0
0
0
0
0
0
0
0
0
0
0
0
0
0
0
0
0
0
0
0
0
0
0
0.813361
0.112527
0.0103561
0.000698669
3.65602e-05
1.53897e-06
5.34363e-08
1.55839e-09
3.8686e-11
8.25715e-13
1.52684e-14
2.4598e-16
3.46678e-18
4.28621e-20
4.65623e-22
4.44656e-24
3.73074e-26
2.74548e-28
1.76705e-30
9.90512e-33
4.80758e-35
2.00478e-37
7.10849e-40
2.11367e-42
5.17185e-45
1.01405e-47
1.53176e-50
1.67342e-53
1.1768e-56
4e-60
0
0
0
0
0
0
0
0
0
0
0
0
0
0
0
0
0
0
0
0
0
0
0
0
0
0
0
0
0
0
0
0
0
0
0
0
0
0
0
0
0
0
0
0
0
0
0
0
0
0
0
0
0
0
0
0
0
0
0
0
0
0
0
0
0
0
0
0
0
0.813361
0.112527
0.0103561
0.000698669
3.65602e-05
1.53897e-06
5.34363e-08
1.55839e-09
3.8686e-11
8.25715e-13
1.52684e-14
2.4598e-16
3.46678e-18
4.28621e-20
4.65623e-22
4.44656e-24
3.73074e-26
2.74548e-28
1.76705e-30
9.90512e-33
4.80758e-35
2.00478e-37
7.10849e-40
2.11367e-42
5.17185e-45
1.01405e-47
1.53176e-50
1.67342e-53
1.1768e-56
4e-60
0
0
0
0
0
0
0
0
0
0
0
0
0
0
0
0
0
0
0
0
0
0
0
0
0
0
0
0
0
0
0
0
0
0
0
0
0
0
0
0
0
0
0
0
0
0
0
0
0
0
0
0
0
0
0
0
0
0
0
0
0
0
0
0
0
0
0
0
0
0.813361
0.112527
0.0103561
0.000698669
3.65602e-05
1.53897e-06
5.34363e-08
1.55839e-09
3.8686e-11
8.25715e-13
1.52684e-14
2.4598e-16
3.46678e-18
4.28621e-20
4.65623e-22
4.44656e-24
3.73074e-26
2.74548e-28
1.76705e-30
9.90512e-33
4.80758e-35
2.00478e-37
7.10849e-40
2.11367e-42
5.17185e-45
1.01405e-47
1.53176e-50
1.67342e-53
1.1768e-56
4e-60
0
0
0
0
0
0
0
0
0
0
0
0
0
0
0
0
0
0
0
0
0
0
0
0
0
0
0
0
0
0
0
0
0
0
0
0
0
0
0
0
0
0
0
0
0
0
0
0
0
0
0
0
0
0
0
0
0
0
0
0
0
0
0
0
0
0
0
0
0
0.813361
0.112527
0.0103561
0.000698669
3.65602e-05
1.53897e-06
5.34363e-08
1.55839e-09
3.8686e-11
8.25715e-13
1.52684e-14
2.4598e-16
3.46678e-18
4.28621e-20
4.65623e-22
4.44656e-24
3.73074e-26
2.74548e-28
1.76705e-30
9.90512e-33
4.80758e-35
2.00478e-37
7.10849e-40
2.11367e-42
5.17185e-45
1.01405e-47
1.53176e-50
1.67342e-53
1.1768e-56
4e-60
0
0
0
0
0
0
0
0
0
0
0
0
0
0
0
0
0
0
0
0
0
0
0
0
0
0
0
0
0
0
0
0
0
0
0
0
0
0
0
0
0
0
0
0
0
0
0
0
0
0
0
0
0
0
0
0
0
0
0
0
0
0
0
0
0
0
0
0
0
0.813361
0.112527
0.0103561
0.000698669
3.65602e-05
1.53897e-06
5.34363e-08
1.55839e-09
3.8686e-11
8.25715e-13
1.52684e-14
2.4598e-16
3.46678e-18
4.28621e-20
4.65623e-22
4.44656e-24
3.73074e-26
2.74548e-28
1.76705e-30
9.90512e-33
4.80758e-35
2.00478e-37
7.10849e-40
2.11367e-42
5.17185e-45
1.01405e-47
1.53176e-50
1.67342e-53
1.1768e-56
4e-60
0
0
0
0
0
0
0
0
0
0
0
0
0
0
0
0
0
0
0
0
0
0
0
0
0
0
0
0
0
0
0
0
0
0
0
0
0
0
0
0
0
0
0
0
0
0
0
0
0
0
0
0
0
0
0
0
0
0
0
0
0
0
0
0
0
0
0
0
0
0.813361
0.112527
0.0103561
0.000698669
3.65602e-05
1.53897e-06
5.34363e-08
1.55839e-09
3.8686e-11
8.25715e-13
1.52684e-14
2.4598e-16
3.46678e-18
4.28621e-20
4.65623e-22
4.44656e-24
3.73074e-26
2.74548e-28
1.76705e-30
9.90512e-33
4.80758e-35
2.00478e-37
7.10849e-40
2.11367e-42
5.17185e-45
1.01405e-47
1.53176e-50
1.67342e-53
1.1768e-56
4e-60
0
0
0
0
0
0
0
0
0
0
0
0
0
0
0
0
0
0
0
0
0
0
0
0
0
0
0
0
0
0
0
0
0
0
0
0
0
0
0
0
0
0
0
0
0
0
0
0
0
0
0
0
0
0
0
0
0
0
0
0
0
0
0
0
0
0
0
0
0
0.813361
0.112527
0.0103561
0.000698669
3.65602e-05
1.53897e-06
5.34363e-08
1.55839e-09
3.8686e-11
8.25715e-13
1.52684e-14
2.4598e-16
3.46678e-18
4.28621e-20
4.65623e-22
4.44656e-24
3.73074e-26
2.74548e-28
1.76705e-30
9.90512e-33
4.80758e-35
2.00478e-37
7.10849e-40
2.11367e-42
5.17185e-45
1.01405e-47
1.53176e-50
1.67342e-53
1.1768e-56
4e-60
0
0
0
0
0
0
0
0
0
0
0
0
0
0
0
0
0
0
0
0
0
0
0
0
0
0
0
0
0
0
0
0
0
0
0
0
0
0
0
0
0
0
0
0
0
0
0
0
0
0
0
0
0
0
0
0
0
0
0
0
0
0
0
0
0
0
0
0
0
0.813361
0.112527
0.0103561
0.000698669
3.65602e-05
1.53897e-06
5.34363e-08
1.55839e-09
3.8686e-11
8.25715e-13
1.52684e-14
2.4598e-16
3.46678e-18
4.28621e-20
4.65623e-22
4.44656e-24
3.73074e-26
2.74548e-28
1.76705e-30
9.90512e-33
4.80758e-35
2.00478e-37
7.10849e-40
2.11367e-42
5.17185e-45
1.01405e-47
1.53176e-50
1.67342e-53
1.1768e-56
4e-60
0
0
0
0
0
0
0
0
0
0
0
0
0
0
0
0
0
0
0
0
0
0
0
0
0
0
0
0
0
0
0
0
0
0
0
0
0
0
0
0
0
0
0
0
0
0
0
0
0
0
0
0
0
0
0
0
0
0
0
0
0
0
0
0
0
0
0
0
0
0.813361
0.112527
0.0103561
0.000698669
3.65602e-05
1.53897e-06
5.34363e-08
1.55839e-09
3.8686e-11
8.25715e-13
1.52684e-14
2.4598e-16
3.46678e-18
4.28621e-20
4.65623e-22
4.44656e-24
3.73074e-26
2.74548e-28
1.76705e-30
9.90512e-33
4.80758e-35
2.00478e-37
7.10849e-40
2.11367e-42
5.17185e-45
1.01405e-47
1.53176e-50
1.67342e-53
1.1768e-56
4e-60
0
0
0
0
0
0
0
0
0
0
0
0
0
0
0
0
0
0
0
0
0
0
0
0
0
0
0
0
0
0
0
0
0
0
0
0
0
0
0
0
0
0
0
0
0
0
0
0
0
0
0
0
0
0
0
0
0
0
0
0
0
0
0
0
0
0
0
0
0
0.813361
0.112527
0.0103561
0.000698669
3.65602e-05
1.53897e-06
5.34363e-08
1.55839e-09
3.8686e-11
8.25715e-13
1.52684e-14
2.4598e-16
3.46678e-18
4.28621e-20
4.65623e-22
4.44656e-24
3.73074e-26
2.74548e-28
1.76705e-30
9.90512e-33
4.80758e-35
2.00478e-37
7.10849e-40
2.11367e-42
5.17185e-45
1.01405e-47
1.53176e-50
1.67342e-53
1.1768e-56
4e-60
0
0
0
0
0
0
0
0
0
0
0
0
0
0
0
0
0
0
0
0
0
0
0
0
0
0
0
0
0
0
0
0
0
0
0
0
0
0
0
0
0
0
0
0
0
0
0
0
0
0
0
0
0
0
0
0
0
0
0
0
0
0
0
0
0
0
0
0
0
0.813361
0.112527
0.0103561
0.000698669
3.65602e-05
1.53897e-06
5.34363e-08
1.55839e-09
3.8686e-11
8.25715e-13
1.52684e-14
2.4598e-16
3.46678e-18
4.28621e-20
4.65623e-22
4.44656e-24
3.73074e-26
2.74548e-28
1.76705e-30
9.90512e-33
4.80758e-35
2.00478e-37
7.10849e-40
2.11367e-42
5.17185e-45
1.01405e-47
1.53176e-50
1.67342e-53
1.1768e-56
4e-60
0
0
0
0
0
0
0
0
0
0
0
0
0
0
0
0
0
0
0
0
0
0
0
0
0
0
0
0
0
0
0
0
0
0
0
0
0
0
0
0
0
0
0
0
0
0
0
0
0
0
0
0
0
0
0
0
0
0
0
0
0
0
0
0
0
0
0
0
0
0.813361
0.112527
0.0103561
0.000698669
3.65602e-05
1.53897e-06
5.34363e-08
1.55839e-09
3.8686e-11
8.25715e-13
1.52684e-14
2.4598e-16
3.46678e-18
4.28621e-20
4.65623e-22
4.44656e-24
3.73074e-26
2.74548e-28
1.76705e-30
9.90512e-33
4.80758e-35
2.00478e-37
7.10849e-40
2.11367e-42
5.17185e-45
1.01405e-47
1.53176e-50
1.67342e-53
1.1768e-56
4e-60
0
0
0
0
0
0
0
0
0
0
0
0
0
0
0
0
0
0
0
0
0
0
0
0
0
0
0
0
0
0
0
0
0
0
0
0
0
0
0
0
0
0
0
0
0
0
0
0
0
0
0
0
0
0
0
0
0
0
0
0
0
0
0
0
0
0
0
0
0
0.813361
0.112527
0.0103561
0.000698669
3.65602e-05
1.53897e-06
5.34363e-08
1.55839e-09
3.8686e-11
8.25715e-13
1.52684e-14
2.4598e-16
3.46678e-18
4.28621e-20
4.65623e-22
4.44656e-24
3.73074e-26
2.74548e-28
1.76705e-30
9.90512e-33
4.80758e-35
2.00478e-37
7.10849e-40
2.11367e-42
5.17185e-45
1.01405e-47
1.53176e-50
1.67342e-53
1.1768e-56
4e-60
0
0
0
0
0
0
0
0
0
0
0
0
0
0
0
0
0
0
0
0
0
0
0
0
0
0
0
0
0
0
0
0
0
0
0
0
0
0
0
0
0
0
0
0
0
0
0
0
0
0
0
0
0
0
0
0
0
0
0
0
0
0
0
0
0
0
0
0
0
0.813361
0.112527
0.0103561
0.000698669
3.65602e-05
1.53897e-06
5.34363e-08
1.55839e-09
3.8686e-11
8.25715e-13
1.52684e-14
2.4598e-16
3.46678e-18
4.28621e-20
4.65623e-22
4.44656e-24
3.73074e-26
2.74548e-28
1.76705e-30
9.90512e-33
4.80758e-35
2.00478e-37
7.10849e-40
2.11367e-42
5.17185e-45
1.01405e-47
1.53176e-50
1.67342e-53
1.1768e-56
4e-60
0
0
0
0
0
0
0
0
0
0
0
0
0
0
0
0
0
0
0
0
0
0
0
0
0
0
0
0
0
0
0
0
0
0
0
0
0
0
0
0
0
0
0
0
0
0
0
0
0
0
0
0
0
0
0
0
0
0
0
0
0
0
0
0
0
0
0
0
0
0.813361
0.112527
0.0103561
0.000698669
3.65602e-05
1.53897e-06
5.34363e-08
1.55839e-09
3.8686e-11
8.25715e-13
1.52684e-14
2.4598e-16
3.46678e-18
4.28621e-20
4.65623e-22
4.44656e-24
3.73074e-26
2.74548e-28
1.76705e-30
9.90512e-33
4.80758e-35
2.00478e-37
7.10849e-40
2.11367e-42
5.17185e-45
1.01405e-47
1.53176e-50
1.67342e-53
1.1768e-56
4e-60
0
0
0
0
0
0
0
0
0
0
0
0
0
0
0
0
0
0
0
0
0
0
0
0
0
0
0
0
0
0
0
0
0
0
0
0
0
0
0
0
0
0
0
0
0
0
0
0
0
0
0
0
0
0
0
0
0
0
0
0
0
0
0
0
0
0
0
0
0
0.813361
0.112527
0.0103561
0.000698669
3.65602e-05
1.53897e-06
5.34363e-08
1.55839e-09
3.8686e-11
8.25715e-13
1.52684e-14
2.4598e-16
3.46678e-18
4.28621e-20
4.65623e-22
4.44656e-24
3.73074e-26
2.74548e-28
1.76705e-30
9.90512e-33
4.80758e-35
2.00478e-37
7.10849e-40
2.11367e-42
5.17185e-45
1.01405e-47
1.53176e-50
1.67342e-53
1.1768e-56
4e-60
0
0
0
0
0
0
0
0
0
0
0
0
0
0
0
0
0
0
0
0
0
0
0
0
0
0
0
0
0
0
0
0
0
0
0
0
0
0
0
0
0
0
0
0
0
0
0
0
0
0
0
0
0
0
0
0
0
0
0
0
0
0
0
0
0
0
0
0
0
0.813361
0.112527
0.0103561
0.000698669
3.65602e-05
1.53897e-06
5.34363e-08
1.55839e-09
3.8686e-11
8.25715e-13
1.52684e-14
2.4598e-16
3.46678e-18
4.28621e-20
4.65623e-22
4.44656e-24
3.73074e-26
2.74548e-28
1.76705e-30
9.90512e-33
4.80758e-35
2.00478e-37
7.10849e-40
2.11367e-42
5.17185e-45
1.01405e-47
1.53176e-50
1.67342e-53
1.1768e-56
4e-60
0
0
0
0
0
0
0
0
0
0
0
0
0
0
0
0
0
0
0
0
0
0
0
0
0
0
0
0
0
0
0
0
0
0
0
0
0
0
0
0
0
0
0
0
0
0
0
0
0
0
0
0
0
0
0
0
0
0
0
0
0
0
0
0
0
0
0
0
0
0.813361
0.112527
0.0103561
0.000698669
3.65602e-05
1.53897e-06
5.34363e-08
1.55839e-09
3.8686e-11
8.25715e-13
1.52684e-14
2.4598e-16
3.46678e-18
4.28621e-20
4.65623e-22
4.44656e-24
3.73074e-26
2.74548e-28
1.76705e-30
9.90512e-33
4.80758e-35
2.00478e-37
7.10849e-40
2.11367e-42
5.17185e-45
1.01405e-47
1.53176e-50
1.67342e-53
1.1768e-56
4e-60
0
0
0
0
0
0
0
0
0
0
0
0
0
0
0
0
0
0
0
0
0
0
0
0
0
0
0
0
0
0
0
0
0
0
0
0
0
0
0
0
0
0
0
0
0
0
0
0
0
0
0
0
0
0
0
0
0
0
0
0
0
0
0
0
0
0
0
0
0
0.813361
0.112527
0.0103561
0.000698669
3.65602e-05
1.53897e-06
5.34363e-08
1.55839e-09
3.8686e-11
8.25715e-13
1.52684e-14
2.4598e-16
3.46678e-18
4.28621e-20
4.65623e-22
4.44656e-24
3.73074e-26
2.74548e-28
1.76705e-30
9.90512e-33
4.80758e-35
2.00478e-37
7.10849e-40
2.11367e-42
5.17185e-45
1.01405e-47
1.53176e-50
1.67342e-53
1.1768e-56
4e-60
0
0
0
0
0
0
0
0
0
0
0
0
0
0
0
0
0
0
0
0
0
0
0
0
0
0
0
0
0
0
0
0
0
0
0
0
0
0
0
0
0
0
0
0
0
0
0
0
0
0
0
0
0
0
0
0
0
0
0
0
0
0
0
0
0
0
0
0
0
0.813361
0.112527
0.0103561
0.000698669
3.65602e-05
1.53897e-06
5.34363e-08
1.55839e-09
3.8686e-11
8.25715e-13
1.52684e-14
2.4598e-16
3.46678e-18
4.28621e-20
4.65623e-22
4.44656e-24
3.73074e-26
2.74548e-28
1.76705e-30
9.90512e-33
4.80758e-35
2.00478e-37
7.10849e-40
2.11367e-42
5.17185e-45
1.01405e-47
1.53176e-50
1.67342e-53
1.1768e-56
4e-60
0
0
0
0
0
0
0
0
0
0
0
0
0
0
0
0
0
0
0
0
0
0
0
0
0
0
0
0
0
0
0
0
0
0
0
0
0
0
0
0
0
0
0
0
0
0
0
0
0
0
0
0
0
0
0
0
0
0
0
0
0
0
0
0
0
0
0
0
0
0.813361
0.112527
0.0103561
0.000698669
3.65602e-05
1.53897e-06
5.34363e-08
1.55839e-09
3.8686e-11
8.25715e-13
1.52684e-14
2.4598e-16
3.46678e-18
4.28621e-20
4.65623e-22
4.44656e-24
3.73074e-26
2.74548e-28
1.76705e-30
9.90512e-33
4.80758e-35
2.00478e-37
7.10849e-40
2.11367e-42
5.17185e-45
1.01405e-47
1.53176e-50
1.67342e-53
1.1768e-56
4e-60
0
0
0
0
0
0
0
0
0
0
0
0
0
0
0
0
0
0
0
0
0
0
0
0
0
0
0
0
0
0
0
0
0
0
0
0
0
0
0
0
0
0
0
0
0
0
0
0
0
0
0
0
0
0
0
0
0
0
0
0
0
0
0
0
0
0
0
0
0
0.813361
0.112527
0.0103561
0.000698669
3.65602e-05
1.53897e-06
5.34363e-08
1.55839e-09
3.8686e-11
8.25715e-13
1.52684e-14
2.4598e-16
3.46678e-18
4.28621e-20
4.65623e-22
4.44656e-24
3.73074e-26
2.74548e-28
1.76705e-30
9.90512e-33
4.80758e-35
2.00478e-37
7.10849e-40
2.11367e-42
5.17185e-45
1.01405e-47
1.53176e-50
1.67342e-53
1.1768e-56
4e-60
0
0
0
0
0
0
0
0
0
0
0
0
0
0
0
0
0
0
0
0
0
0
0
0
0
0
0
0
0
0
0
0
0
0
0
0
0
0
0
0
0
0
0
0
0
0
0
0
0
0
0
0
0
0
0
0
0
0
0
0
0
0
0
0
0
0
0
0
0
0.813361
0.112527
0.0103561
0.000698669
3.65602e-05
1.53897e-06
5.34363e-08
1.55839e-09
3.8686e-11
8.25715e-13
1.52684e-14
2.4598e-16
3.46678e-18
4.28621e-20
4.65623e-22
4.44656e-24
3.73074e-26
2.74548e-28
1.76705e-30
9.90512e-33
4.80758e-35
2.00478e-37
7.10849e-40
2.11367e-42
5.17185e-45
1.01405e-47
1.53176e-50
1.67342e-53
1.1768e-56
4e-60
0
0
0
0
0
0
0
0
0
0
0
0
0
0
0
0
0
0
0
0
0
0
0
0
0
0
0
0
0
0
0
0
0
0
0
0
0
0
0
0
0
0
0
0
0
0
0
0
0
0
0
0
0
0
0
0
0
0
0
0
0
0
0
0
0
0
0
0
0
0.813361
0.112527
0.0103561
0.000698669
3.65602e-05
1.53897e-06
5.34363e-08
1.55839e-09
3.8686e-11
8.25715e-13
1.52684e-14
2.4598e-16
3.46678e-18
4.28621e-20
4.65623e-22
4.44656e-24
3.73074e-26
2.74548e-28
1.76705e-30
9.90512e-33
4.80758e-35
2.00478e-37
7.10849e-40
2.11367e-42
5.17185e-45
1.01405e-47
1.53176e-50
1.67342e-53
1.1768e-56
4e-60
0
0
0
0
0
0
0
0
0
0
0
0
0
0
0
0
0
0
0
0
0
0
0
0
0
0
0
0
0
0
0
0
0
0
0
0
0
0
0
0
0
0
0
0
0
0
0
0
0
0
0
0
0
0
0
0
0
0
0
0
0
0
0
0
0
0
0
0
0
0.813361
0.112527
0.0103561
0.000698669
3.65602e-05
1.53897e-06
5.34363e-08
1.55839e-09
3.8686e-11
8.25715e-13
1.52684e-14
2.4598e-16
3.46678e-18
4.28621e-20
4.65623e-22
4.44656e-24
3.73074e-26
2.74548e-28
1.76705e-30
9.90512e-33
4.80758e-35
2.00478e-37
7.10849e-40
2.11367e-42
5.17185e-45
1.01405e-47
1.53176e-50
1.67342e-53
1.1768e-56
4e-60
0
0
0
0
0
0
0
0
0
0
0
0
0
0
0
0
0
0
0
0
0
0
0
0
0
0
0
0
0
0
0
0
0
0
0
0
0
0
0
0
0
0
0
0
0
0
0
0
0
0
0
0
0
0
0
0
0
0
0
0
0
0
0
0
0
0
0
0
0
0.813361
0.112527
0.0103561
0.000698669
3.65602e-05
1.53897e-06
5.34363e-08
1.55839e-09
3.8686e-11
8.25715e-13
1.52684e-14
2.4598e-16
3.46678e-18
4.28621e-20
4.65623e-22
4.44656e-24
3.73074e-26
2.74548e-28
1.76705e-30
9.90512e-33
4.80758e-35
2.00478e-37
7.10849e-40
2.11367e-42
5.17185e-45
1.01405e-47
1.53176e-50
1.67342e-53
1.1768e-56
4e-60
0
0
0
0
0
0
0
0
0
0
0
0
0
0
0
0
0
0
0
0
0
0
0
0
0
0
0
0
0
0
0
0
0
0
0
0
0
0
0
0
0
0
0
0
0
0
0
0
0
0
0
0
0
0
0
0
0
0
0
0
0
0
0
0
0
0
0
0
0
0.813361
0.112527
0.0103561
0.000698669
3.65602e-05
1.53897e-06
5.34363e-08
1.55839e-09
3.8686e-11
8.25715e-13
1.52684e-14
2.4598e-16
3.46678e-18
4.28621e-20
4.65623e-22
4.44656e-24
3.73074e-26
2.74548e-28
1.76705e-30
9.90512e-33
4.80758e-35
2.00478e-37
7.10849e-40
2.11367e-42
5.17185e-45
1.01405e-47
1.53176e-50
1.67342e-53
1.1768e-56
4e-60
0
0
0
0
0
0
0
0
0
0
0
0
0
0
0
0
0
0
0
0
0
0
0
0
0
0
0
0
0
0
0
0
0
0
0
0
0
0
0
0
0
0
0
0
0
0
0
0
0
0
0
0
0
0
0
0
0
0
0
0
0
0
0
0
0
0
0
0
0
0.813361
0.112527
0.0103561
0.000698669
3.65602e-05
1.53897e-06
5.34363e-08
1.55839e-09
3.8686e-11
8.25715e-13
1.52684e-14
2.4598e-16
3.46678e-18
4.28621e-20
4.65623e-22
4.44656e-24
3.73074e-26
2.74548e-28
1.76705e-30
9.90512e-33
4.80758e-35
2.00478e-37
7.10849e-40
2.11367e-42
5.17185e-45
1.01405e-47
1.53176e-50
1.67342e-53
1.1768e-56
4e-60
0
0
0
0
0
0
0
0
0
0
0
0
0
0
0
0
0
0
0
0
0
0
0
0
0
0
0
0
0
0
0
0
0
0
0
0
0
0
0
0
0
0
0
0
0
0
0
0
0
0
0
0
0
0
0
0
0
0
0
0
0
0
0
0
0
0
0
0
0
0.813361
0.112527
0.0103561
0.000698669
3.65602e-05
1.53897e-06
5.34363e-08
1.55839e-09
3.8686e-11
8.25715e-13
1.52684e-14
2.4598e-16
3.46678e-18
4.28621e-20
4.65623e-22
4.44656e-24
3.73074e-26
2.74548e-28
1.76705e-30
9.90512e-33
4.80758e-35
2.00478e-37
7.10849e-40
2.11367e-42
5.17185e-45
1.01405e-47
1.53176e-50
1.67342e-53
1.1768e-56
4e-60
0
0
0
0
0
0
0
0
0
0
0
0
0
0
0
0
0
0
0
0
0
0
0
0
0
0
0
0
0
0
0
0
0
0
0
0
0
0
0
0
0
0
0
0
0
0
0
0
0
0
0
0
0
0
0
0
0
0
0
0
0
0
0
0
0
0
0
0
0
0.813361
0.112527
0.0103561
0.000698669
3.65602e-05
1.53897e-06
5.34363e-08
1.55839e-09
3.8686e-11
8.25715e-13
1.52684e-14
2.4598e-16
3.46678e-18
4.28621e-20
4.65623e-22
4.44656e-24
3.73074e-26
2.74548e-28
1.76705e-30
9.90512e-33
4.80758e-35
2.00478e-37
7.10849e-40
2.11367e-42
5.17185e-45
1.01405e-47
1.53176e-50
1.67342e-53
1.1768e-56
4e-60
0
0
0
0
0
0
0
0
0
0
0
0
0
0
0
0
0
0
0
0
0
0
0
0
0
0
0
0
0
0
0
0
0
0
0
0
0
0
0
0
0
0
0
0
0
0
0
0
0
0
0
0
0
0
0
0
0
0
0
0
0
0
0
0
0
0
0
0
0
0.813361
0.112527
0.0103561
0.000698669
3.65602e-05
1.53897e-06
5.34363e-08
1.55839e-09
3.8686e-11
8.25715e-13
1.52684e-14
2.4598e-16
3.46678e-18
4.28621e-20
4.65623e-22
4.44656e-24
3.73074e-26
2.74548e-28
1.76705e-30
9.90512e-33
4.80758e-35
2.00478e-37
7.10849e-40
2.11367e-42
5.17185e-45
1.01405e-47
1.53176e-50
1.67342e-53
1.1768e-56
4e-60
0
0
0
0
0
0
0
0
0
0
0
0
0
0
0
0
0
0
0
0
0
0
0
0
0
0
0
0
0
0
0
0
0
0
0
0
0
0
0
0
0
0
0
0
0
0
0
0
0
0
0
0
0
0
0
0
0
0
0
0
0
0
0
0
0
0
0
0
0
0.813361
0.112527
0.0103561
0.000698669
3.65602e-05
1.53897e-06
5.34363e-08
1.55839e-09
3.8686e-11
8.25715e-13
1.52684e-14
2.4598e-16
3.46678e-18
4.28621e-20
4.65623e-22
4.44656e-24
3.73074e-26
2.74548e-28
1.76705e-30
9.90512e-33
4.80758e-35
2.00478e-37
7.10849e-40
2.11367e-42
5.17185e-45
1.01405e-47
1.53176e-50
1.67342e-53
1.1768e-56
4e-60
0
0
0
0
0
0
0
0
0
0
0
0
0
0
0
0
0
0
0
0
0
0
0
0
0
0
0
0
0
0
0
0
0
0
0
0
0
0
0
0
0
0
0
0
0
0
0
0
0
0
0
0
0
0
0
0
0
0
0
0
0
0
0
0
0
0
0
0
0
0.813361
0.112527
0.0103561
0.000698669
3.65602e-05
1.53897e-06
5.34363e-08
1.55839e-09
3.8686e-11
8.25715e-13
1.52684e-14
2.4598e-16
3.46678e-18
4.28621e-20
4.65623e-22
4.44656e-24
3.73074e-26
2.74548e-28
1.76705e-30
9.90512e-33
4.80758e-35
2.00478e-37
7.10849e-40
2.11367e-42
5.17185e-45
1.01405e-47
1.53176e-50
1.67342e-53
1.1768e-56
4e-60
0
0
0
0
0
0
0
0
0
0
0
0
0
0
0
0
0
0
0
0
0
0
0
0
0
0
0
0
0
0
0
0
0
0
0
0
0
0
0
0
0
0
0
0
0
0
0
0
0
0
0
0
0
0
0
0
0
0
0
0
0
0
0
0
0
0
0
0
0
0.813361
0.112527
0.0103561
0.000698669
3.65602e-05
1.53897e-06
5.34363e-08
1.55839e-09
3.8686e-11
8.25715e-13
1.52684e-14
2.4598e-16
3.46678e-18
4.28621e-20
4.65623e-22
4.44656e-24
3.73074e-26
2.74548e-28
1.76705e-30
9.90512e-33
4.80758e-35
2.00478e-37
7.10849e-40
2.11367e-42
5.17185e-45
1.01405e-47
1.53176e-50
1.67342e-53
1.1768e-56
4e-60
0
0
0
0
0
0
0
0
0
0
0
0
0
0
0
0
0
0
0
0
0
0
0
0
0
0
0
0
0
0
0
0
0
0
0
0
0
0
0
0
0
0
0
0
0
0
0
0
0
0
0
0
0
0
0
0
0
0
0
0
0
0
0
0
0
0
0
0
0
0.813361
0.112527
0.0103561
0.000698669
3.65602e-05
1.53897e-06
5.34363e-08
1.55839e-09
3.8686e-11
8.25715e-13
1.52684e-14
2.4598e-16
3.46678e-18
4.28621e-20
4.65623e-22
4.44656e-24
3.73074e-26
2.74548e-28
1.76705e-30
9.90512e-33
4.80758e-35
2.00478e-37
7.10849e-40
2.11367e-42
5.17185e-45
1.01405e-47
1.53176e-50
1.67342e-53
1.1768e-56
4e-60
0
0
0
0
0
0
0
0
0
0
0
0
0
0
0
0
0
0
0
0
0
0
0
0
0
0
0
0
0
0
0
0
0
0
0
0
0
0
0
0
0
0
0
0
0
0
0
0
0
0
0
0
0
0
0
0
0
0
0
0
0
0
0
0
0
0
0
0
0
0.813361
0.112527
0.0103561
0.000698669
3.65602e-05
1.53897e-06
5.34363e-08
1.55839e-09
3.8686e-11
8.25715e-13
1.52684e-14
2.4598e-16
3.46678e-18
4.28621e-20
4.65623e-22
4.44656e-24
3.73074e-26
2.74548e-28
1.76705e-30
9.90512e-33
4.80758e-35
2.00478e-37
7.10849e-40
2.11367e-42
5.17185e-45
1.01405e-47
1.53176e-50
1.67342e-53
1.1768e-56
4e-60
0
0
0
0
0
0
0
0
0
0
0
0
0
0
0
0
0
0
0
0
0
0
0
0
0
0
0
0
0
0
0
0
0
0
0
0
0
0
0
0
0
0
0
0
0
0
0
0
0
0
0
0
0
0
0
0
0
0
0
0
0
0
0
0
0
0
0
0
0
0.813361
0.112527
0.0103561
0.000698669
3.65602e-05
1.53897e-06
5.34363e-08
1.55839e-09
3.8686e-11
8.25715e-13
1.52684e-14
2.4598e-16
3.46678e-18
4.28621e-20
4.65623e-22
4.44656e-24
3.73074e-26
2.74548e-28
1.76705e-30
9.90512e-33
4.80758e-35
2.00478e-37
7.10849e-40
2.11367e-42
5.17185e-45
1.01405e-47
1.53176e-50
1.67342e-53
1.1768e-56
4e-60
0
0
0
0
0
0
0
0
0
0
0
0
0
0
0
0
0
0
0
0
0
0
0
0
0
0
0
0
0
0
0
0
0
0
0
0
0
0
0
0
0
0
0
0
0
0
0
0
0
0
0
0
0
0
0
0
0
0
0
0
0
0
0
0
0
0
0
0
0
0.813361
0.112527
0.0103561
0.000698669
3.65602e-05
1.53897e-06
5.34363e-08
1.55839e-09
3.8686e-11
8.25715e-13
1.52684e-14
2.4598e-16
3.46678e-18
4.28621e-20
4.65623e-22
4.44656e-24
3.73074e-26
2.74548e-28
1.76705e-30
9.90512e-33
4.80758e-35
2.00478e-37
7.10849e-40
2.11367e-42
5.17185e-45
1.01405e-47
1.53176e-50
1.67342e-53
1.1768e-56
4e-60
0
0
0
0
0
0
0
0
0
0
0
0
0
0
0
0
0
0
0
0
0
0
0
0
0
0
0
0
0
0
0
0
0
0
0
0
0
0
0
0
0
0
0
0
0
0
0
0
0
0
0
0
0
0
0
0
0
0
0
0
0
0
0
0
0
0
0
0
0
0.813361
0.112527
0.0103561
0.000698669
3.65602e-05
1.53897e-06
5.34363e-08
1.55839e-09
3.8686e-11
8.25715e-13
1.52684e-14
2.4598e-16
3.46678e-18
4.28621e-20
4.65623e-22
4.44656e-24
3.73074e-26
2.74548e-28
1.76705e-30
9.90512e-33
4.80758e-35
2.00478e-37
7.10849e-40
2.11367e-42
5.17185e-45
1.01405e-47
1.53176e-50
1.67342e-53
1.1768e-56
4e-60
0
0
0
0
0
0
0
0
0
0
0
0
0
0
0
0
0
0
0
0
0
0
0
0
0
0
0
0
0
0
0
0
0
0
0
0
0
0
0
0
0
0
0
0
0
0
0
0
0
0
0
0
0
0
0
0
0
0
0
0
0
0
0
0
0
0
0
0
0
0.813361
0.112527
0.0103561
0.000698669
3.65602e-05
1.53897e-06
5.34363e-08
1.55839e-09
3.8686e-11
8.25715e-13
1.52684e-14
2.4598e-16
3.46678e-18
4.28621e-20
4.65623e-22
4.44656e-24
3.73074e-26
2.74548e-28
1.76705e-30
9.90512e-33
4.80758e-35
2.00478e-37
7.10849e-40
2.11367e-42
5.17185e-45
1.01405e-47
1.53176e-50
1.67342e-53
1.1768e-56
4e-60
0
0
0
0
0
0
0
0
0
0
0
0
0
0
0
0
0
0
0
0
0
0
0
0
0
0
0
0
0
0
0
0
0
0
0
0
0
0
0
0
0
0
0
0
0
0
0
0
0
0
0
0
0
0
0
0
0
0
0
0
0
0
0
0
0
0
0
0
0
0.813361
0.112527
0.0103561
0.000698669
3.65602e-05
1.53897e-06
5.34363e-08
1.55839e-09
3.8686e-11
8.25715e-13
1.52684e-14
2.4598e-16
3.46678e-18
4.28621e-20
4.65623e-22
4.44656e-24
3.73074e-26
2.74548e-28
1.76705e-30
9.90512e-33
4.80758e-35
2.00478e-37
7.10849e-40
2.11367e-42
5.17185e-45
1.01405e-47
1.53176e-50
1.67342e-53
1.1768e-56
4e-60
0
0
0
0
0
0
0
0
0
0
0
0
0
0
0
0
0
0
0
0
0
0
0
0
0
0
0
0
0
0
0
0
0
0
0
0
0
0
0
0
0
0
0
0
0
0
0
0
0
0
0
0
0
0
0
0
0
0
0
0
0
0
0
0
0
0
0
0
0
0.813361
0.112527
0.0103561
0.000698669
3.65602e-05
1.53897e-06
5.34363e-08
1.55839e-09
3.8686e-11
8.25715e-13
1.52684e-14
2.4598e-16
3.46678e-18
4.28621e-20
4.65623e-22
4.44656e-24
3.73074e-26
2.74548e-28
1.76705e-30
9.90512e-33
4.80758e-35
2.00478e-37
7.10849e-40
2.11367e-42
5.17185e-45
1.01405e-47
1.53176e-50
1.67342e-53
1.1768e-56
4e-60
0
0
0
0
0
0
0
0
0
0
0
0
0
0
0
0
0
0
0
0
0
0
0
0
0
0
0
0
0
0
0
0
0
0
0
0
0
0
0
0
0
0
0
0
0
0
0
0
0
0
0
0
0
0
0
0
0
0
0
0
0
0
0
0
0
0
0
0
0
0.813361
0.112527
0.0103561
0.000698669
3.65602e-05
1.53897e-06
5.34363e-08
1.55839e-09
3.8686e-11
8.25715e-13
1.52684e-14
2.4598e-16
3.46678e-18
4.28621e-20
4.65623e-22
4.44656e-24
3.73074e-26
2.74548e-28
1.76705e-30
9.90512e-33
4.80758e-35
2.00478e-37
7.10849e-40
2.11367e-42
5.17185e-45
1.01405e-47
1.53176e-50
1.67342e-53
1.1768e-56
4e-60
0
0
0
0
0
0
0
0
0
0
0
0
0
0
0
0
0
0
0
0
0
0
0
0
0
0
0
0
0
0
0
0
0
0
0
0
0
0
0
0
0
0
0
0
0
0
0
0
0
0
0
0
0
0
0
0
0
0
0
0
0
0
0
0
0
0
0
0
0
0.813361
0.112527
0.0103561
0.000698669
3.65602e-05
1.53897e-06
5.34363e-08
1.55839e-09
3.8686e-11
8.25715e-13
1.52684e-14
2.4598e-16
3.46678e-18
4.28621e-20
4.65623e-22
4.44656e-24
3.73074e-26
2.74548e-28
1.76705e-30
9.90512e-33
4.80758e-35
2.00478e-37
7.10849e-40
2.11367e-42
5.17185e-45
1.01405e-47
1.53176e-50
1.67342e-53
1.1768e-56
4e-60
0
0
0
0
0
0
0
0
0
0
0
0
0
0
0
0
0
0
0
0
0
0
0
0
0
0
0
0
0
0
0
0
0
0
0
0
0
0
0
0
0
0
0
0
0
0
0
0
0
0
0
0
0
0
0
0
0
0
0
0
0
0
0
0
0
0
0
0
0
0.813361
0.112527
0.0103561
0.000698669
3.65602e-05
1.53897e-06
5.34363e-08
1.55839e-09
3.8686e-11
8.25715e-13
1.52684e-14
2.4598e-16
3.46678e-18
4.28621e-20
4.65623e-22
4.44656e-24
3.73074e-26
2.74548e-28
1.76705e-30
9.90512e-33
4.80758e-35
2.00478e-37
7.10849e-40
2.11367e-42
5.17185e-45
1.01405e-47
1.53176e-50
1.67342e-53
1.1768e-56
4e-60
0
0
0
0
0
0
0
0
0
0
0
0
0
0
0
0
0
0
0
0
0
0
0
0
0
0
0
0
0
0
0
0
0
0
0
0
0
0
0
0
0
0
0
0
0
0
0
0
0
0
0
0
0
0
0
0
0
0
0
0
0
0
0
0
0
0
0
0
0
0.813361
0.112527
0.0103561
0.000698669
3.65602e-05
1.53897e-06
5.34363e-08
1.55839e-09
3.8686e-11
8.25715e-13
1.52684e-14
2.4598e-16
3.46678e-18
4.28621e-20
4.65623e-22
4.44656e-24
3.73074e-26
2.74548e-28
1.76705e-30
9.90512e-33
4.80758e-35
2.00478e-37
7.10849e-40
2.11367e-42
5.17185e-45
1.01405e-47
1.53176e-50
1.67342e-53
1.1768e-56
4e-60
0
0
0
0
0
0
0
0
0
0
0
0
0
0
0
0
0
0
0
0
0
0
0
0
0
0
0
0
0
0
0
0
0
0
0
0
0
0
0
0
0
0
0
0
0
0
0
0
0
0
0
0
0
0
0
0
0
0
0
0
0
0
0
0
0
0
0
0
0
0.813361
0.112527
0.0103561
0.000698669
3.65602e-05
1.53897e-06
5.34363e-08
1.55839e-09
3.8686e-11
8.25715e-13
1.52684e-14
2.4598e-16
3.46678e-18
4.28621e-20
4.65623e-22
4.44656e-24
3.73074e-26
2.74548e-28
1.76705e-30
9.90512e-33
4.80758e-35
2.00478e-37
7.10849e-40
2.11367e-42
5.17185e-45
1.01405e-47
1.53176e-50
1.67342e-53
1.1768e-56
4e-60
0
0
0
0
0
0
0
0
0
0
0
0
0
0
0
0
0
0
0
0
0
0
0
0
0
0
0
0
0
0
0
0
0
0
0
0
0
0
0
0
0
0
0
0
0
0
0
0
0
0
0
0
0
0
0
0
0
0
0
0
0
0
0
0
0
0
0
0
0
0.813361
0.112527
0.0103561
0.000698669
3.65602e-05
1.53897e-06
5.34363e-08
1.55839e-09
3.8686e-11
8.25715e-13
1.52684e-14
2.4598e-16
3.46678e-18
4.28621e-20
4.65623e-22
4.44656e-24
3.73074e-26
2.74548e-28
1.76705e-30
9.90512e-33
4.80758e-35
2.00478e-37
7.10849e-40
2.11367e-42
5.17185e-45
1.01405e-47
1.53176e-50
1.67342e-53
1.1768e-56
4e-60
0
0
0
0
0
0
0
0
0
0
0
0
0
0
0
0
0
0
0
0
0
0
0
0
0
0
0
0
0
0
0
0
0
0
0
0
0
0
0
0
0
0
0
0
0
0
0
0
0
0
0
0
0
0
0
0
0
0
0
0
0
0
0
0
0
0
0
0
0
0.813361
0.112527
0.0103561
0.000698669
3.65602e-05
1.53897e-06
5.34363e-08
1.55839e-09
3.8686e-11
8.25715e-13
1.52684e-14
2.4598e-16
3.46678e-18
4.28621e-20
4.65623e-22
4.44656e-24
3.73074e-26
2.74548e-28
1.76705e-30
9.90512e-33
4.80758e-35
2.00478e-37
7.10849e-40
2.11367e-42
5.17185e-45
1.01405e-47
1.53176e-50
1.67342e-53
1.1768e-56
4e-60
0
0
0
0
0
0
0
0
0
0
0
0
0
0
0
0
0
0
0
0
0
0
0
0
0
0
0
0
0
0
0
0
0
0
0
0
0
0
0
0
0
0
0
0
0
0
0
0
0
0
0
0
0
0
0
0
0
0
0
0
0
0
0
0
0
0
0
0
0
0.813361
0.112527
0.0103561
0.000698669
3.65602e-05
1.53897e-06
5.34363e-08
1.55839e-09
3.8686e-11
8.25715e-13
1.52684e-14
2.4598e-16
3.46678e-18
4.28621e-20
4.65623e-22
4.44656e-24
3.73074e-26
2.74548e-28
1.76705e-30
9.90512e-33
4.80758e-35
2.00478e-37
7.10849e-40
2.11367e-42
5.17185e-45
1.01405e-47
1.53176e-50
1.67342e-53
1.1768e-56
4e-60
0
0
0
0
0
0
0
0
0
0
0
0
0
0
0
0
0
0
0
0
0
0
0
0
0
0
0
0
0
0
0
0
0
0
0
0
0
0
0
0
0
0
0
0
0
0
0
0
0
0
0
0
0
0
0
0
0
0
0
0
0
0
0
0
0
0
0
0
0
0.813361
0.112527
0.0103561
0.000698669
3.65602e-05
1.53897e-06
5.34363e-08
1.55839e-09
3.8686e-11
8.25715e-13
1.52684e-14
2.4598e-16
3.46678e-18
4.28621e-20
4.65623e-22
4.44656e-24
3.73074e-26
2.74548e-28
1.76705e-30
9.90512e-33
4.80758e-35
2.00478e-37
7.10849e-40
2.11367e-42
5.17185e-45
1.01405e-47
1.53176e-50
1.67342e-53
1.1768e-56
4e-60
0
0
0
0
0
0
0
0
0
0
0
0
0
0
0
0
0
0
0
0
0
0
0
0
0
0
0
0
0
0
0
0
0
0
0
0
0
0
0
0
0
0
0
0
0
0
0
0
0
0
0
0
0
0
0
0
0
0
0
0
0
0
0
0
0
0
0
0
0
0.813361
0.112527
0.0103561
0.000698669
3.65602e-05
1.53897e-06
5.34363e-08
1.55839e-09
3.8686e-11
8.25715e-13
1.52684e-14
2.4598e-16
3.46678e-18
4.28621e-20
4.65623e-22
4.44656e-24
3.73074e-26
2.74548e-28
1.76705e-30
9.90512e-33
4.80758e-35
2.00478e-37
7.10849e-40
2.11367e-42
5.17185e-45
1.01405e-47
1.53176e-50
1.67342e-53
1.1768e-56
4e-60
0
0
0
0
0
0
0
0
0
0
0
0
0
0
0
0
0
0
0
0
0
0
0
0
0
0
0
0
0
0
0
0
0
0
0
0
0
0
0
0
0
0
0
0
0
0
0
0
0
0
0
0
0
0
0
0
0
0
0
0
0
0
0
0
0
0
0
0
0
0.813361
0.112527
0.0103561
0.000698669
3.65602e-05
1.53897e-06
5.34363e-08
1.55839e-09
3.8686e-11
8.25715e-13
1.52684e-14
2.4598e-16
3.46678e-18
4.28621e-20
4.65623e-22
4.44656e-24
3.73074e-26
2.74548e-28
1.76705e-30
9.90512e-33
4.80758e-35
2.00478e-37
7.10849e-40
2.11367e-42
5.17185e-45
1.01405e-47
1.53176e-50
1.67342e-53
1.1768e-56
4e-60
0
0
0
0
0
0
0
0
0
0
0
0
0
0
0
0
0
0
0
0
0
0
0
0
0
0
0
0
0
0
0
0
0
0
0
0
0
0
0
0
0
0
0
0
0
0
0
0
0
0
0
0
0
0
0
0
0
0
0
0
0
0
0
0
0
0
0
0
0
0.813361
0.112527
0.0103561
0.000698669
3.65602e-05
1.53897e-06
5.34363e-08
1.55839e-09
3.8686e-11
8.25715e-13
1.52684e-14
2.4598e-16
3.46678e-18
4.28621e-20
4.65623e-22
4.44656e-24
3.73074e-26
2.74548e-28
1.76705e-30
9.90512e-33
4.80758e-35
2.00478e-37
7.10849e-40
2.11367e-42
5.17185e-45
1.01405e-47
1.53176e-50
1.67342e-53
1.1768e-56
4e-60
0
0
0
0
0
0
0
0
0
0
0
0
0
0
0
0
0
0
0
0
0
0
0
0
0
0
0
0
0
0
0
0
0
0
0
0
0
0
0
0
0
0
0
0
0
0
0
0
0
0
0
0
0
0
0
0
0
0
0
0
0
0
0
0
0
0
0
0
0
0.813361
0.112527
0.0103561
0.000698669
3.65602e-05
1.53897e-06
5.34363e-08
1.55839e-09
3.8686e-11
8.25715e-13
1.52684e-14
2.4598e-16
3.46678e-18
4.28621e-20
4.65623e-22
4.44656e-24
3.73074e-26
2.74548e-28
1.76705e-30
9.90512e-33
4.80758e-35
2.00478e-37
7.10849e-40
2.11367e-42
5.17185e-45
1.01405e-47
1.53176e-50
1.67342e-53
1.1768e-56
4e-60
0
0
0
0
0
0
0
0
0
0
0
0
0
0
0
0
0
0
0
0
0
0
0
0
0
0
0
0
0
0
0
0
0
0
0
0
0
0
0
0
0
0
0
0
0
0
0
0
0
0
0
0
0
0
0
0
0
0
0
0
0
0
0
0
0
0
0
0
0
0.813361
0.112527
0.0103561
0.000698669
3.65602e-05
1.53897e-06
5.34363e-08
1.55839e-09
3.8686e-11
8.25715e-13
1.52684e-14
2.4598e-16
3.46678e-18
4.28621e-20
4.65623e-22
4.44656e-24
3.73074e-26
2.74548e-28
1.76705e-30
9.90512e-33
4.80758e-35
2.00478e-37
7.10849e-40
2.11367e-42
5.17185e-45
1.01405e-47
1.53176e-50
1.67342e-53
1.1768e-56
4e-60
0
0
0
0
0
0
0
0
0
0
0
0
0
0
0
0
0
0
0
0
0
0
0
0
0
0
0
0
0
0
0
0
0
0
0
0
0
0
0
0
0
0
0
0
0
0
0
0
0
0
0
0
0
0
0
0
0
0
0
0
0
0
0
0
0
0
0
0
0
0.813361
0.112527
0.0103561
0.000698669
3.65602e-05
1.53897e-06
5.34363e-08
1.55839e-09
3.8686e-11
8.25715e-13
1.52684e-14
2.4598e-16
3.46678e-18
4.28621e-20
4.65623e-22
4.44656e-24
3.73074e-26
2.74548e-28
1.76705e-30
9.90512e-33
4.80758e-35
2.00478e-37
7.10849e-40
2.11367e-42
5.17185e-45
1.01405e-47
1.53176e-50
1.67342e-53
1.1768e-56
4e-60
0
0
0
0
0
0
0
0
0
0
0
0
0
0
0
0
0
0
0
0
0
0
0
0
0
0
0
0
0
0
0
0
0
0
0
0
0
0
0
0
0
0
0
0
0
0
0
0
0
0
0
0
0
0
0
0
0
0
0
0
0
0
0
0
0
0
0
0
0
0.813361
0.112527
0.0103561
0.000698669
3.65602e-05
1.53897e-06
5.34363e-08
1.55839e-09
3.8686e-11
8.25715e-13
1.52684e-14
2.4598e-16
3.46678e-18
4.28621e-20
4.65623e-22
4.44656e-24
3.73074e-26
2.74548e-28
1.76705e-30
9.90512e-33
4.80758e-35
2.00478e-37
7.10849e-40
2.11367e-42
5.17185e-45
1.01405e-47
1.53176e-50
1.67342e-53
1.1768e-56
4e-60
0
0
0
0
0
0
0
0
0
0
0
0
0
0
0
0
0
0
0
0
0
0
0
0
0
0
0
0
0
0
0
0
0
0
0
0
0
0
0
0
0
0
0
0
0
0
0
0
0
0
0
0
0
0
0
0
0
0
0
0
0
0
0
0
0
0
0
0
0
0.813361
0.112527
0.0103561
0.000698669
3.65602e-05
1.53897e-06
5.34363e-08
1.55839e-09
3.8686e-11
8.25715e-13
1.52684e-14
2.4598e-16
3.46678e-18
4.28621e-20
4.65623e-22
4.44656e-24
3.73074e-26
2.74548e-28
1.76705e-30
9.90512e-33
4.80758e-35
2.00478e-37
7.10849e-40
2.11367e-42
5.17185e-45
1.01405e-47
1.53176e-50
1.67342e-53
1.1768e-56
4e-60
0
0
0
0
0
0
0
0
0
0
0
0
0
0
0
0
0
0
0
0
0
0
0
0
0
0
0
0
0
0
0
0
0
0
0
0
0
0
0
0
0
0
0
0
0
0
0
0
0
0
0
0
0
0
0
0
0
0
0
0
0
0
0
0
0
0
0
0
0
0.813361
0.112527
0.0103561
0.000698669
3.65602e-05
1.53897e-06
5.34363e-08
1.55839e-09
3.8686e-11
8.25715e-13
1.52684e-14
2.4598e-16
3.46678e-18
4.28621e-20
4.65623e-22
4.44656e-24
3.73074e-26
2.74548e-28
1.76705e-30
9.90512e-33
4.80758e-35
2.00478e-37
7.10849e-40
2.11367e-42
5.17185e-45
1.01405e-47
1.53176e-50
1.67342e-53
1.1768e-56
4e-60
0
0
0
0
0
0
0
0
0
0
0
0
0
0
0
0
0
0
0
0
0
0
0
0
0
0
0
0
0
0
0
0
0
0
0
0
0
0
0
0
0
0
0
0
0
0
0
0
0
0
0
0
0
0
0
0
0
0
0
0
0
0
0
0
0
0
0
0
0
0.813361
0.112527
0.0103561
0.000698669
3.65602e-05
1.53897e-06
5.34363e-08
1.55839e-09
3.8686e-11
8.25715e-13
1.52684e-14
2.4598e-16
3.46678e-18
4.28621e-20
4.65623e-22
4.44656e-24
3.73074e-26
2.74548e-28
1.76705e-30
9.90512e-33
4.80758e-35
2.00478e-37
7.10849e-40
2.11367e-42
5.17185e-45
1.01405e-47
1.53176e-50
1.67342e-53
1.1768e-56
4e-60
0
0
0
0
0
0
0
0
0
0
0
0
0
0
0
0
0
0
0
0
0
0
0
0
0
0
0
0
0
0
0
0
0
0
0
0
0
0
0
0
0
0
0
0
0
0
0
0
0
0
0
0
0
0
0
0
0
0
0
0
0
0
0
0
0
0
0
0
0
0.813361
0.112527
0.0103561
0.000698669
3.65602e-05
1.53897e-06
5.34363e-08
1.55839e-09
3.8686e-11
8.25715e-13
1.52684e-14
2.4598e-16
3.46678e-18
4.28621e-20
4.65623e-22
4.44656e-24
3.73074e-26
2.74548e-28
1.76705e-30
9.90512e-33
4.80758e-35
2.00478e-37
7.10849e-40
2.11367e-42
5.17185e-45
1.01405e-47
1.53176e-50
1.67342e-53
1.1768e-56
4e-60
0
0
0
0
0
0
0
0
0
0
0
0
0
0
0
0
0
0
0
0
0
0
0
0
0
0
0
0
0
0
0
0
0
0
0
0
0
0
0
0
0
0
0
0
0
0
0
0
0
0
0
0
0
0
0
0
0
0
0
0
0
0
0
0
0
0
0
0
0
0.813361
0.112527
0.0103561
0.000698669
3.65602e-05
1.53897e-06
5.34363e-08
1.55839e-09
3.8686e-11
8.25715e-13
1.52684e-14
2.4598e-16
3.46678e-18
4.28621e-20
4.65623e-22
4.44656e-24
3.73074e-26
2.74548e-28
1.76705e-30
9.90512e-33
4.80758e-35
2.00478e-37
7.10849e-40
2.11367e-42
5.17185e-45
1.01405e-47
1.53176e-50
1.67342e-53
1.1768e-56
4e-60
0
0
0
0
0
0
0
0
0
0
0
0
0
0
0
0
0
0
0
0
0
0
0
0
0
0
0
0
0
0
0
0
0
0
0
0
0
0
0
0
0
0
0
0
0
0
0
0
0
0
0
0
0
0
0
0
0
0
0
0
0
0
0
0
0
0
0
0
0
0.813361
0.112527
0.0103561
0.000698669
3.65602e-05
1.53897e-06
5.34363e-08
1.55839e-09
3.8686e-11
8.25715e-13
1.52684e-14
2.4598e-16
3.46678e-18
4.28621e-20
4.65623e-22
4.44656e-24
3.73074e-26
2.74548e-28
1.76705e-30
9.90512e-33
4.80758e-35
2.00478e-37
7.10849e-40
2.11367e-42
5.17185e-45
1.01405e-47
1.53176e-50
1.67342e-53
1.1768e-56
4e-60
0
0
0
0
0
0
0
0
0
0
0
0
0
0
0
0
0
0
0
0
0
0
0
0
0
0
0
0
0
0
0
0
0
0
0
0
0
0
0
0
0
0
0
0
0
0
0
0
0
0
0
0
0
0
0
0
0
0
0
0
0
0
0
0
0
0
0
0
0
0.813361
0.112527
0.0103561
0.000698669
3.65602e-05
1.53897e-06
5.34363e-08
1.55839e-09
3.8686e-11
8.25715e-13
1.52684e-14
2.4598e-16
3.46678e-18
4.28621e-20
4.65623e-22
4.44656e-24
3.73074e-26
2.74548e-28
1.76705e-30
9.90512e-33
4.80758e-35
2.00478e-37
7.10849e-40
2.11367e-42
5.17185e-45
1.01405e-47
1.53176e-50
1.67342e-53
1.1768e-56
4e-60
0
0
0
0
0
0
0
0
0
0
0
0
0
0
0
0
0
0
0
0
0
0
0
0
0
0
0
0
0
0
0
0
0
0
0
0
0
0
0
0
0
0
0
0
0
0
0
0
0
0
0
0
0
0
0
0
0
0
0
0
0
0
0
0
0
0
0
0
0
0.813361
0.112527
0.0103561
0.000698669
3.65602e-05
1.53897e-06
5.34363e-08
1.55839e-09
3.8686e-11
8.25715e-13
1.52684e-14
2.4598e-16
3.46678e-18
4.28621e-20
4.65623e-22
4.44656e-24
3.73074e-26
2.74548e-28
1.76705e-30
9.90512e-33
4.80758e-35
2.00478e-37
7.10849e-40
2.11367e-42
5.17185e-45
1.01405e-47
1.53176e-50
1.67342e-53
1.1768e-56
4e-60
0
0
0
0
0
0
0
0
0
0
0
0
0
0
0
0
0
0
0
0
0
0
0
0
0
0
0
0
0
0
0
0
0
0
0
0
0
0
0
0
0
0
0
0
0
0
0
0
0
0
0
0
0
0
0
0
0
0
0
0
0
0
0
0
0
0
0
0
0
0.813361
0.112527
0.0103561
0.000698669
3.65602e-05
1.53897e-06
5.34363e-08
1.55839e-09
3.8686e-11
8.25715e-13
1.52684e-14
2.4598e-16
3.46678e-18
4.28621e-20
4.65623e-22
4.44656e-24
3.73074e-26
2.74548e-28
1.76705e-30
9.90512e-33
4.80758e-35
2.00478e-37
7.10849e-40
2.11367e-42
5.17185e-45
1.01405e-47
1.53176e-50
1.67342e-53
1.1768e-56
4e-60
0
0
0
0
0
0
0
0
0
0
0
0
0
0
0
0
0
0
0
0
0
0
0
0
0
0
0
0
0
0
0
0
0
0
0
0
0
0
0
0
0
0
0
0
0
0
0
0
0
0
0
0
0
0
0
0
0
0
0
0
0
0
0
0
0
0
0
0
0
0.813361
0.112527
0.0103561
0.000698669
3.65602e-05
1.53897e-06
5.34363e-08
1.55839e-09
3.8686e-11
8.25715e-13
1.52684e-14
2.4598e-16
3.46678e-18
4.28621e-20
4.65623e-22
4.44656e-24
3.73074e-26
2.74548e-28
1.76705e-30
9.90512e-33
4.80758e-35
2.00478e-37
7.10849e-40
2.11367e-42
5.17185e-45
1.01405e-47
1.53176e-50
1.67342e-53
1.1768e-56
4e-60
0
0
0
0
0
0
0
0
0
0
0
0
0
0
0
0
0
0
0
0
0
0
0
0
0
0
0
0
0
0
0
0
0
0
0
0
0
0
0
0
0
0
0
0
0
0
0
0
0
0
0
0
0
0
0
0
0
0
0
0
0
0
0
0
0
0
0
0
0
0.813361
0.112527
0.0103561
0.000698669
3.65602e-05
1.53897e-06
5.34363e-08
1.55839e-09
3.8686e-11
8.25715e-13
1.52684e-14
2.4598e-16
3.46678e-18
4.28621e-20
4.65623e-22
4.44656e-24
3.73074e-26
2.74548e-28
1.76705e-30
9.90512e-33
4.80758e-35
2.00478e-37
7.10849e-40
2.11367e-42
5.17185e-45
1.01405e-47
1.53176e-50
1.67342e-53
1.1768e-56
4e-60
0
0
0
0
0
0
0
0
0
0
0
0
0
0
0
0
0
0
0
0
0
0
0
0
0
0
0
0
0
0
0
0
0
0
0
0
0
0
0
0
0
0
0
0
0
0
0
0
0
0
0
0
0
0
0
0
0
0
0
0
0
0
0
0
0
0
0
0
0
0.813361
0.112527
0.0103561
0.000698669
3.65602e-05
1.53897e-06
5.34363e-08
1.55839e-09
3.8686e-11
8.25715e-13
1.52684e-14
2.4598e-16
3.46678e-18
4.28621e-20
4.65623e-22
4.44656e-24
3.73074e-26
2.74548e-28
1.76705e-30
9.90512e-33
4.80758e-35
2.00478e-37
7.10849e-40
2.11367e-42
5.17185e-45
1.01405e-47
1.53176e-50
1.67342e-53
1.1768e-56
4e-60
0
0
0
0
0
0
0
0
0
0
0
0
0
0
0
0
0
0
0
0
0
0
0
0
0
0
0
0
0
0
0
0
0
0
0
0
0
0
0
0
0
0
0
0
0
0
0
0
0
0
0
0
0
0
0
0
0
0
0
0
0
0
0
0
0
0
0
0
0
0.813361
0.112527
0.0103561
0.000698669
3.65602e-05
1.53897e-06
5.34363e-08
1.55839e-09
3.8686e-11
8.25715e-13
1.52684e-14
2.4598e-16
3.46678e-18
4.28621e-20
4.65623e-22
4.44656e-24
3.73074e-26
2.74548e-28
1.76705e-30
9.90512e-33
4.80758e-35
2.00478e-37
7.10849e-40
2.11367e-42
5.17185e-45
1.01405e-47
1.53176e-50
1.67342e-53
1.1768e-56
4e-60
0
0
0
0
0
0
0
0
0
0
0
0
0
0
0
0
0
0
0
0
0
0
0
0
0
0
0
0
0
0
0
0
0
0
0
0
0
0
0
0
0
0
0
0
0
0
0
0
0
0
0
0
0
0
0
0
0
0
0
0
0
0
0
0
0
0
0
0
0
0.813361
0.112527
0.0103561
0.000698669
3.65602e-05
1.53897e-06
5.34363e-08
1.55839e-09
3.8686e-11
8.25715e-13
1.52684e-14
2.4598e-16
3.46678e-18
4.28621e-20
4.65623e-22
4.44656e-24
3.73074e-26
2.74548e-28
1.76705e-30
9.90512e-33
4.80758e-35
2.00478e-37
7.10849e-40
2.11367e-42
5.17185e-45
1.01405e-47
1.53176e-50
1.67342e-53
1.1768e-56
4e-60
0
0
0
0
0
0
0
0
0
0
0
0
0
0
0
0
0
0
0
0
0
0
0
0
0
0
0
0
0
0
0
0
0
0
0
0
0
0
0
0
0
0
0
0
0
0
0
0
0
0
0
0
0
0
0
0
0
0
0
0
0
0
0
0
0
0
0
0
0
0.813361
0.112527
0.0103561
0.000698669
3.65602e-05
1.53897e-06
5.34363e-08
1.55839e-09
3.8686e-11
8.25715e-13
1.52684e-14
2.4598e-16
3.46678e-18
4.28621e-20
4.65623e-22
4.44656e-24
3.73074e-26
2.74548e-28
1.76705e-30
9.90512e-33
4.80758e-35
2.00478e-37
7.10849e-40
2.11367e-42
5.17185e-45
1.01405e-47
1.53176e-50
1.67342e-53
1.1768e-56
4e-60
0
0
0
0
0
0
0
0
0
0
0
0
0
0
0
0
0
0
0
0
0
0
0
0
0
0
0
0
0
0
0
0
0
0
0
0
0
0
0
0
0
0
0
0
0
0
0
0
0
0
0
0
0
0
0
0
0
0
0
0
0
0
0
0
0
0
0
0
0
0.813361
0.112527
0.0103561
0.000698669
3.65602e-05
1.53897e-06
5.34363e-08
1.55839e-09
3.8686e-11
8.25715e-13
1.52684e-14
2.4598e-16
3.46678e-18
4.28621e-20
4.65623e-22
4.44656e-24
3.73074e-26
2.74548e-28
1.76705e-30
9.90512e-33
4.80758e-35
2.00478e-37
7.10849e-40
2.11367e-42
5.17185e-45
1.01405e-47
1.53176e-50
1.67342e-53
1.1768e-56
4e-60
0
0
0
0
0
0
0
0
0
0
0
0
0
0
0
0
0
0
0
0
0
0
0
0
0
0
0
0
0
0
0
0
0
0
0
0
0
0
0
0
0
0
0
0
0
0
0
0
0
0
0
0
0
0
0
0
0
0
0
0
0
0
0
0
0
0
0
0
0
0.813361
0.112527
0.0103561
0.000698669
3.65602e-05
1.53897e-06
5.34363e-08
1.55839e-09
3.8686e-11
8.25715e-13
1.52684e-14
2.4598e-16
3.46678e-18
4.28621e-20
4.65623e-22
4.44656e-24
3.73074e-26
2.74548e-28
1.76705e-30
9.90512e-33
4.80758e-35
2.00478e-37
7.10849e-40
2.11367e-42
5.17185e-45
1.01405e-47
1.53176e-50
1.67342e-53
1.1768e-56
4e-60
0
0
0
0
0
0
0
0
0
0
0
0
0
0
0
0
0
0
0
0
0
0
0
0
0
0
0
0
0
0
0
0
0
0
0
0
0
0
0
0
0
0
0
0
0
0
0
0
0
0
0
0
0
0
0
0
0
0
0
0
0
0
0
0
0
0
0
0
0
0.813361
0.112527
0.0103561
0.000698669
3.65602e-05
1.53897e-06
5.34363e-08
1.55839e-09
3.8686e-11
8.25715e-13
1.52684e-14
2.4598e-16
3.46678e-18
4.28621e-20
4.65623e-22
4.44656e-24
3.73074e-26
2.74548e-28
1.76705e-30
9.90512e-33
4.80758e-35
2.00478e-37
7.10849e-40
2.11367e-42
5.17185e-45
1.01405e-47
1.53176e-50
1.67342e-53
1.1768e-56
4e-60
0
0
0
0
0
0
0
0
0
0
0
0
0
0
0
0
0
0
0
0
0
0
0
0
0
0
0
0
0
0
0
0
0
0
0
0
0
0
0
0
0
0
0
0
0
0
0
0
0
0
0
0
0
0
0
0
0
0
0
0
0
0
0
0
0
0
0
0
0
0.813361
0.112527
0.0103561
0.000698669
3.65602e-05
1.53897e-06
5.34363e-08
1.55839e-09
3.8686e-11
8.25715e-13
1.52684e-14
2.4598e-16
3.46678e-18
4.28621e-20
4.65623e-22
4.44656e-24
3.73074e-26
2.74548e-28
1.76705e-30
9.90512e-33
4.80758e-35
2.00478e-37
7.10849e-40
2.11367e-42
5.17185e-45
1.01405e-47
1.53176e-50
1.67342e-53
1.1768e-56
4e-60
0
0
0
0
0
0
0
0
0
0
0
0
0
0
0
0
0
0
0
0
0
0
0
0
0
0
0
0
0
0
0
0
0
0
0
0
0
0
0
0
0
0
0
0
0
0
0
0
0
0
0
0
0
0
0
0
0
0
0
0
0
0
0
0
0
0
0
0
0
0.813361
0.112527
0.0103561
0.000698669
3.65602e-05
1.53897e-06
5.34363e-08
1.55839e-09
3.8686e-11
8.25715e-13
1.52684e-14
2.4598e-16
3.46678e-18
4.28621e-20
4.65623e-22
4.44656e-24
3.73074e-26
2.74548e-28
1.76705e-30
9.90512e-33
4.80758e-35
2.00478e-37
7.10849e-40
2.11367e-42
5.17185e-45
1.01405e-47
1.53176e-50
1.67342e-53
1.1768e-56
4e-60
0
0
0
0
0
0
0
0
0
0
0
0
0
0
0
0
0
0
0
0
0
0
0
0
0
0
0
0
0
0
0
0
0
0
0
0
0
0
0
0
0
0
0
0
0
0
0
0
0
0
0
0
0
0
0
0
0
0
0
0
0
0
0
0
0
0
0
0
0
0.813361
0.112527
0.0103561
0.000698669
3.65602e-05
1.53897e-06
5.34363e-08
1.55839e-09
3.8686e-11
8.25715e-13
1.52684e-14
2.4598e-16
3.46678e-18
4.28621e-20
4.65623e-22
4.44656e-24
3.73074e-26
2.74548e-28
1.76705e-30
9.90512e-33
4.80758e-35
2.00478e-37
7.10849e-40
2.11367e-42
5.17185e-45
1.01405e-47
1.53176e-50
1.67342e-53
1.1768e-56
4e-60
0
0
0
0
0
0
0
0
0
0
0
0
0
0
0
0
0
0
0
0
0
0
0
0
0
0
0
0
0
0
0
0
0
0
0
0
0
0
0
0
0
0
0
0
0
0
0
0
0
0
0
0
0
0
0
0
0
0
0
0
0
0
0
0
0
0
0
0
0
0.813361
0.112527
0.0103561
0.000698669
3.65602e-05
1.53897e-06
5.34363e-08
1.55839e-09
3.8686e-11
8.25715e-13
1.52684e-14
2.4598e-16
3.46678e-18
4.28621e-20
4.65623e-22
4.44656e-24
3.73074e-26
2.74548e-28
1.76705e-30
9.90512e-33
4.80758e-35
2.00478e-37
7.10849e-40
2.11367e-42
5.17185e-45
1.01405e-47
1.53176e-50
1.67342e-53
1.1768e-56
4e-60
0
0
0
0
0
0
0
0
0
0
0
0
0
0
0
0
0
0
0
0
0
0
0
0
0
0
0
0
0
0
0
0
0
0
0
0
0
0
0
0
0
0
0
0
0
0
0
0
0
0
0
0
0
0
0
0
0
0
0
0
0
0
0
0
0
0
0
0
0
0.813361
0.112527
0.0103561
0.000698669
3.65602e-05
1.53897e-06
5.34363e-08
1.55839e-09
3.8686e-11
8.25715e-13
1.52684e-14
2.4598e-16
3.46678e-18
4.28621e-20
4.65623e-22
4.44656e-24
3.73074e-26
2.74548e-28
1.76705e-30
9.90512e-33
4.80758e-35
2.00478e-37
7.10849e-40
2.11367e-42
5.17185e-45
1.01405e-47
1.53176e-50
1.67342e-53
1.1768e-56
4e-60
0
0
0
0
0
0
0
0
0
0
0
0
0
0
0
0
0
0
0
0
0
0
0
0
0
0
0
0
0
0
0
0
0
0
0
0
0
0
0
0
0
0
0
0
0
0
0
0
0
0
0
0
0
0
0
0
0
0
0
0
0
0
0
0
0
0
0
0
0
0.813361
0.112527
0.0103561
0.000698669
3.65602e-05
1.53897e-06
5.34363e-08
1.55839e-09
3.8686e-11
8.25715e-13
1.52684e-14
2.4598e-16
3.46678e-18
4.28621e-20
4.65623e-22
4.44656e-24
3.73074e-26
2.74548e-28
1.76705e-30
9.90512e-33
4.80758e-35
2.00478e-37
7.10849e-40
2.11367e-42
5.17185e-45
1.01405e-47
1.53176e-50
1.67342e-53
1.1768e-56
4e-60
0
0
0
0
0
0
0
0
0
0
0
0
0
0
0
0
0
0
0
0
0
0
0
0
0
0
0
0
0
0
0
0
0
0
0
0
0
0
0
0
0
0
0
0
0
0
0
0
0
0
0
0
0
0
0
0
0
0
0
0
0
0
0
0
0
0
0
0
0
0.813361
0.112527
0.0103561
0.000698669
3.65602e-05
1.53897e-06
5.34363e-08
1.55839e-09
3.8686e-11
8.25715e-13
1.52684e-14
2.4598e-16
3.46678e-18
4.28621e-20
4.65623e-22
4.44656e-24
3.73074e-26
2.74548e-28
1.76705e-30
9.90512e-33
4.80758e-35
2.00478e-37
7.10849e-40
2.11367e-42
5.17185e-45
1.01405e-47
1.53176e-50
1.67342e-53
1.1768e-56
4e-60
0
0
0
0
0
0
0
0
0
0
0
0
0
0
0
0
0
0
0
0
0
0
0
0
0
0
0
0
0
0
0
0
0
0
0
0
0
0
0
0
0
0
0
0
0
0
0
0
0
0
0
0
0
0
0
0
0
0
0
0
0
0
0
0
0
0
0
0
0
0.813361
0.112527
0.0103561
0.000698669
3.65602e-05
1.53897e-06
5.34363e-08
1.55839e-09
3.8686e-11
8.25715e-13
1.52684e-14
2.4598e-16
3.46678e-18
4.28621e-20
4.65623e-22
4.44656e-24
3.73074e-26
2.74548e-28
1.76705e-30
9.90512e-33
4.80758e-35
2.00478e-37
7.10849e-40
2.11367e-42
5.17185e-45
1.01405e-47
1.53176e-50
1.67342e-53
1.1768e-56
4e-60
0
0
0
0
0
0
0
0
0
0
0
0
0
0
0
0
0
0
0
0
0
0
0
0
0
0
0
0
0
0
0
0
0
0
0
0
0
0
0
0
0
0
0
0
0
0
0
0
0
0
0
0
0
0
0
0
0
0
0
0
0
0
0
0
0
0
0
0
0
0.813361
0.112527
0.0103561
0.000698669
3.65602e-05
1.53897e-06
5.34363e-08
1.55839e-09
3.8686e-11
8.25715e-13
1.52684e-14
2.4598e-16
3.46678e-18
4.28621e-20
4.65623e-22
4.44656e-24
3.73074e-26
2.74548e-28
1.76705e-30
9.90512e-33
4.80758e-35
2.00478e-37
7.10849e-40
2.11367e-42
5.17185e-45
1.01405e-47
1.53176e-50
1.67342e-53
1.1768e-56
4e-60
0
0
0
0
0
0
0
0
0
0
0
0
0
0
0
0
0
0
0
0
0
0
0
0
0
0
0
0
0
0
0
0
0
0
0
0
0
0
0
0
0
0
0
0
0
0
0
0
0
0
0
0
0
0
0
0
0
0
0
0
0
0
0
0
0
0
0
0
0
0.813361
0.112527
0.0103561
0.000698669
3.65602e-05
1.53897e-06
5.34363e-08
1.55839e-09
3.8686e-11
8.25715e-13
1.52684e-14
2.4598e-16
3.46678e-18
4.28621e-20
4.65623e-22
4.44656e-24
3.73074e-26
2.74548e-28
1.76705e-30
9.90512e-33
4.80758e-35
2.00478e-37
7.10849e-40
2.11367e-42
5.17185e-45
1.01405e-47
1.53176e-50
1.67342e-53
1.1768e-56
4e-60
0
0
0
0
0
0
0
0
0
0
0
0
0
0
0
0
0
0
0
0
0
0
0
0
0
0
0
0
0
0
0
0
0
0
0
0
0
0
0
0
0
0
0
0
0
0
0
0
0
0
0
0
0
0
0
0
0
0
0
0
0
0
0
0
0
0
0
0
0
0.813361
0.112527
0.0103561
0.000698669
3.65602e-05
1.53897e-06
5.34363e-08
1.55839e-09
3.8686e-11
8.25715e-13
1.52684e-14
2.4598e-16
3.46678e-18
4.28621e-20
4.65623e-22
4.44656e-24
3.73074e-26
2.74548e-28
1.76705e-30
9.90512e-33
4.80758e-35
2.00478e-37
7.10849e-40
2.11367e-42
5.17185e-45
1.01405e-47
1.53176e-50
1.67342e-53
1.1768e-56
4e-60
0
0
0
0
0
0
0
0
0
0
0
0
0
0
0
0
0
0
0
0
0
0
0
0
0
0
0
0
0
0
0
0
0
0
0
0
0
0
0
0
0
0
0
0
0
0
0
0
0
0
0
0
0
0
0
0
0
0
0
0
0
0
0
0
0
0
0
0
0
0.81336
0.112527
0.0103561
0.000698667
3.65601e-05
1.53896e-06
5.34362e-08
1.55839e-09
3.8686e-11
8.25715e-13
1.52684e-14
2.4598e-16
3.46678e-18
4.28621e-20
4.65623e-22
4.44656e-24
3.73074e-26
2.74548e-28
1.76705e-30
9.90512e-33
4.80758e-35
2.00478e-37
7.10849e-40
2.11367e-42
5.17185e-45
1.01405e-47
1.53176e-50
1.67342e-53
1.1768e-56
4e-60
0
0
0
0
0
0
0
0
0
0
0
0
0
0
0
0
0
0
0
0
0
0
0
0
0
0
0
0
0
0
0
0
0
0
0
0
0
0
0
0
0
0
0
0
0
0
0
0
0
0
0
0
0
0
0
0
0
0
0
0
0
0
0
0
0
0
0
0
0
0.813338
0.112522
0.0103555
0.000698629
3.65582e-05
1.53889e-06
5.34339e-08
1.55833e-09
3.86847e-11
8.25691e-13
1.52681e-14
2.45976e-16
3.46672e-18
4.28616e-20
4.65618e-22
4.44653e-24
3.73072e-26
2.74547e-28
1.76705e-30
9.90511e-33
4.80758e-35
2.00478e-37
7.10848e-40
2.11367e-42
5.17185e-45
1.01405e-47
1.53176e-50
1.67342e-53
1.1768e-56
4e-60
0
0
0
0
0
0
0
0
0
0
0
0
0
0
0
0
0
0
0
0
0
0
0
0
0
0
0
0
0
0
0
0
0
0
0
0
0
0
0
0
0
0
0
0
0
0
0
0
0
0
0
0
0
0
0
0
0
0
0
0
0
0
0
0
0
0
0
0
0
0.812903
0.112424
0.010345
0.000697886
3.65197e-05
1.53734e-06
5.33837e-08
1.55698e-09
3.86544e-11
8.25115e-13
1.52586e-14
2.45843e-16
3.46512e-18
4.28448e-20
4.65466e-22
4.44533e-24
3.72991e-26
2.745e-28
1.76681e-30
9.90414e-33
4.80724e-35
2.00468e-37
7.10827e-40
2.11364e-42
5.17181e-45
1.01405e-47
1.53176e-50
1.67342e-53
1.1768e-56
4e-60
0
0
0
0
0
0
0
0
0
0
0
0
0
0
0
0
0
0
0
0
0
0
0
0
0
0
0
0
0
0
0
0
0
0
0
0
0
0
0
0
0
0
0
0
0
0
0
0
0
0
0
0
0
0
0
0
0
0
0
0
0
0
0
0
0
0
0
0
0
0.806144
0.110978
0.0101914
0.000687004
3.59474e-05
1.51373e-06
5.25932e-08
1.53503e-09
3.81406e-11
8.14862e-13
1.50829e-14
2.43239e-16
3.43164e-18
4.24705e-20
4.61823e-22
4.4145e-24
3.70724e-26
2.73057e-28
1.75891e-30
9.86715e-33
4.79259e-35
1.99983e-37
7.09511e-40
2.11079e-42
5.16707e-45
1.01348e-47
1.53132e-50
1.67326e-53
1.1768e-56
4e-60
0
0
0
0
0
0
0
0
0
0
0
0
0
0
0
0
0
0
0
0
0
0
0
0
0
0
0
0
0
0
0
0
0
0
0
0
0
0
0
0
0
0
0
0
0
0
0
0
0
0
0
0
0
0
0
0
0
0
0
0
0
0
0
0
0
0
0
0
0
0.725026
0.0957623
0.00865059
0.000579281
3.02537e-05
1.27494e-06
4.44034e-08
1.30054e-09
3.24533e-11
6.96754e-13
1.29661e-14
2.1031e-16
2.98522e-18
3.71825e-20
4.07026e-22
3.91769e-24
3.31363e-26
2.45872e-28
1.59587e-30
9.02262e-33
4.41764e-35
1.85858e-37
6.64976e-40
1.99544e-42
4.92806e-45
9.75381e-48
1.48746e-50
1.6408e-53
1.1652e-56
4e-60
0
0
0
0
0
0
0
0
0
0
0
0
0
0
0
0
0
0
0
0
0
0
0
0
0
0
0
0
0
0
0
0
0
0
0
0
0
0
0
0
0
0
0
0
0
0
0
0
0
0
0
0
0
0
0
0
0
0
0
0
0
0
0
0
0
0
0
0
0
