1.10557
0.422291
0.161301
0.0616115
0.0235335
0.00898899
0.00343349
0.00131148
0.000500939
0.000191342
7.30861e-05
2.79164e-05
1.06631e-05
4.07295e-06
1.55573e-06
5.94235e-07
2.26978e-07
8.66977e-08
3.31156e-08
1.2649e-08
4.8315e-09
1.84547e-09
7.04906e-10
2.6925e-10
1.02844e-10
3.92831e-11
1.50048e-11
5.73132e-12
2.18917e-12
8.36189e-13
3.19396e-13
1.21998e-13
4.65992e-14
1.77993e-14
6.79873e-15
2.59688e-15
9.91921e-16
3.7888e-16
1.44719e-16
5.52779e-17
2.11143e-17
8.06493e-18
3.08053e-18
1.17666e-18
4.49443e-19
1.71672e-19
6.55729e-20
2.50466e-20
9.56696e-21
3.65425e-21
1.3958e-21
5.33148e-22
2.03645e-22
7.77853e-23
2.97113e-23
1.13487e-23
4.33483e-24
1.65576e-24
6.32443e-25
2.41572e-25
9.22721e-26
3.52448e-26
1.34623e-26
5.14215e-27
1.96413e-27
7.50229e-28
2.86562e-28
1.09457e-28
4.18089e-29
1.59696e-29
6.09983e-30
2.32993e-30
8.89953e-31
3.39932e-31
1.29842e-31
4.95954e-32
1.89438e-32
7.23587e-33
2.76386e-33
1.0557e-33
4.03241e-34
1.54024e-34
5.88321e-35
2.24719e-35
8.58349e-36
3.2786e-36
1.25231e-36
4.78341e-37
1.8271e-37
6.97891e-38
2.66571e-38
1.01821e-38
3.88921e-39
1.48553e-39
5.67391e-40
2.1664e-40
8.25296e-41
3.09486e-41
1.03162e-41
1.56138
0.972454
0.629732
0.434965
0.321427
0.251795
0.206375
0.174867
0.151781
0.134085
0.120028
0.108547
0.0989615
0.0908163
0.0837952
0.0776702
0.0722723
0.0674735
0.0631747
0.0592979
0.0557809
0.0525733
0.0496342
0.0469294
0.0444308
0.0421146
0.0399607
0.0379519
0.0360736
0.0343131
0.0326594
0.031103
0.0296355
0.0282495
0.0269385
0.0256967
0.024519
0.0234007
0.0223378
0.0213266
0.0203636
0.0194458
0.0185706
0.0177353
0.0169376
0.0161755
0.0154471
0.0147505
0.014084
0.0134462
0.0128356
0.0122509
0.0116909
0.0111543
0.0106402
0.0101475
0.00967515
0.00922235
0.00878821
0.00837192
0.00797268
0.00758978
0.00722249
0.00687016
0.00653214
0.0062078
0.00589657
0.00559786
0.00531114
0.00503586
0.00477153
0.00451765
0.00427373
0.00403933
0.00381398
0.00359725
0.00338871
0.00318795
0.00299457
0.00280817
0.00262836
0.00245477
0.00228703
0.00212478
0.00196765
0.00181531
0.00166741
0.0015236
0.00138357
0.00124697
0.00111348
0.000982779
0.000854554
0.000728487
0.000604264
0.000481575
0.000360111
0.000239565
0.00011963
1.72888
1.27641
0.950208
0.72709
0.575417
0.470388
0.395408
0.340004
0.297672
0.264341
0.237411
0.215174
0.196475
0.180508
0.166696
0.154616
0.143949
0.134451
0.125932
0.118241
0.111257
0.104883
0.0990391
0.0936581
0.0886848
0.0840726
0.079782
0.0757793
0.0720355
0.0685256
0.0652279
0.0621236
0.0591961
0.0564307
0.0538145
0.0513361
0.0489853
0.046753
0.0446309
0.0426118
0.0406889
0.0388562
0.0371082
0.0354399
0.0338467
0.0323245
0.0308694
0.0294777
0.0281463
0.0268721
0.0256522
0.024484
0.023365
0.0222929
0.0212656
0.020281
0.0193372
0.0184324
0.0175649
0.016733
0.0159351
0.0151699
0.0144359
0.0137318
0.0130562
0.012408
0.011786
0.011189
0.0106159
0.0100657
0.00953743
0.00903
0.00854249
0.00807397
0.00762355
0.00719036
0.00677355
0.00637227
0.00598574
0.00561316
0.00525376
0.00490679
0.00457151
0.00424719
0.00393312
0.00362861
0.00333297
0.00304553
0.00276561
0.00249256
0.00222573
0.00196448
0.00170817
0.00145618
0.00120787
0.000962625
0.00071983
0.000478869
0.000239129
1.80659
1.45411
1.1676
0.947771
0.782766
0.658937
0.564866
0.492071
0.434566
0.388202
0.350107
0.318269
0.291262
0.268051
0.247873
0.230157
0.214466
0.200459
0.18787
0.176485
0.166133
0.156674
0.147991
0.13999
0.132589
0.12572
0.119327
0.11336
0.107776
0.102538
0.0976158
0.0929804
0.0886075
0.0844758
0.0805661
0.0768615
0.0733469
0.0700088
0.066835
0.0638147
0.060938
0.0581959
0.0555802
0.0530835
0.050699
0.0484205
0.0462422
0.0441588
0.0421654
0.0402575
0.0384308
0.0366815
0.0350057
0.0334002
0.0318616
0.0303869
0.0289733
0.027618
0.0263185
0.0250723
0.0238771
0.0227308
0.0216312
0.0205763
0.0195642
0.018593
0.0176611
0.0167666
0.015908
0.0150837
0.0142921
0.0135318
0.0128013
0.0120993
0.0114243
0.0107752
0.0101506
0.00954936
0.00897014
0.00841183
0.00787327
0.00735332
0.00685088
0.00636487
0.00589423
0.0054379
0.00499486
0.0045641
0.00414462
0.00373542
0.00333555
0.00294404
0.00255993
0.00218228
0.00181016
0.00144263
0.00107876
0.000717652
0.000358368
1.84998
1.56583
1.31831
1.11363
0.948941
0.817732
0.713055
0.628856
0.560325
0.503802
0.456552
0.416544
0.382263
0.35257
0.3266
0.303686
0.283309
0.265061
0.248616
0.233711
0.220131
0.207702
0.196278
0.185737
0.175977
0.16691
0.158464
0.150575
0.143187
0.136255
0.129736
0.123594
0.117797
0.112319
0.107133
0.102217
0.0975524
0.0931208
0.0889065
0.084895
0.0810735
0.0774302
0.0739543
0.070636
0.0674664
0.0644373
0.0615411
0.0587707
0.0561198
0.0535824
0.0511527
0.0488258
0.0465966
0.0444606
0.0424135
0.0404514
0.0385704
0.0367669
0.0350376
0.0333791
0.0317885
0.0302628
0.0287992
0.0273952
0.026048
0.0247553
0.0235148
0.0223241
0.0211811
0.0200837
0.0190299
0.0180177
0.0170452
0.0161105
0.015212
0.0143478
0.0135162
0.0127156
0.0119444
0.011201
0.0104839
0.00979162
0.00912262
0.00847548
0.0078488
0.00724117
0.00665124
0.00607765
0.00551907
0.00497419
0.00444172
0.00392037
0.00340889
0.002906
0.00241047
0.00192106
0.00143653
0.000955654
0.000477218
1.87746
1.64094
1.42618
1.23951
1.08164
0.950003
0.840771
0.74998
0.674086
0.610138
0.555765
0.509102
0.468688
0.43338
0.402284
0.374692
0.35004
0.327878
0.30784
0.289629
0.272999
0.257746
0.243703
0.230725
0.218692
0.207502
0.197067
0.187311
0.178169
0.169583
0.161503
0.153887
0.146696
0.139895
0.133455
0.127349
0.121552
0.116043
0.110803
0.105813
0.101059
0.0965251
0.0921988
0.0880679
0.0841215
0.0803493
0.0767421
0.0732912
0.0699886
0.066827
0.0637995
0.0608995
0.0581212
0.0554588
0.052907
0.0504609
0.0481158
0.0458672
0.0437108
0.0416428
0.0396592
0.0377565
0.0359313
0.0341801
0.0324998
0.0308874
0.02934
0.0278547
0.0264289
0.02506
0.0237453
0.0224825
0.0212693
0.0201032
0.0189821
0.0179039
0.0168663
0.0158674
0.0149052
0.0139776
0.0130828
0.012219
0.0113842
0.0105767
0.00979468
0.00903645
0.00830028
0.00758451
0.00688746
0.0062075
0.00554302
0.00489243
0.00425413
0.00362656
0.00300816
0.0023974
0.00179272
0.00119262
0.000595549
1.89639
1.69429
1.50595
1.33661
1.1881
1.05988
0.950054
0.856216
0.775912
0.70691
0.647284
0.595427
0.550022
0.509996
0.474483
0.442776
0.414302
0.388592
0.365261
0.343989
0.324512
0.306607
0.290087
0.274794
0.260593
0.247368
0.235021
0.223464
0.212624
0.202434
0.192839
0.183788
0.175236
0.167145
0.159478
0.152205
0.145298
0.138731
0.132482
0.126531
0.120858
0.115448
0.110283
0.105351
0.100637
0.0961313
0.0918217
0.0876981
0.0837511
0.0799721
0.0763528
0.0728857
0.0695635
0.0663796
0.0633278
0.0604021
0.0575969
0.0549069
0.0523271
0.0498528
0.0474794
0.0452026
0.0430184
0.0409226
0.0389117
0.0369819
0.0351298
0.033352
0.0316453
0.0300066
0.0284328
0.0269211
0.0254686
0.0240726
0.0227305
0.0214395
0.0201972
0.0190012
0.0178491
0.0167385
0.0156671
0.0146327
0.0136331
0.0126661
0.0117297
0.0108217
0.00994019
0.00908303
0.0082483
0.00743402
0.00663827
0.00585914
0.00509473
0.00434316
0.00360258
0.00287113
0.00214697
0.00142828
0.000713233
1.91019
1.73388
1.56675
1.41287
1.27428
1.15136
1.04336
0.948928
0.86645
0.79432
0.731049
0.675317
0.625994
0.582121
0.542896
0.50765
0.475824
0.446953
0.420648
0.396583
0.374482
0.354112
0.335276
0.317804
0.30155
0.286391
0.272218
0.258936
0.246464
0.234729
0.223669
0.213228
0.203356
0.194008
0.185147
0.176736
0.168744
0.161143
0.153906
0.147012
0.140438
0.134166
0.128177
0.122456
0.116988
0.111759
0.106757
0.10197
0.0973873
0.0929988
0.0887951
0.0847675
0.0809079
0.0772085
0.0736621
0.0702618
0.0670013
0.0638744
0.0608754
0.0579988
0.0552392
0.0525919
0.0500519
0.0476147
0.045276
0.0430315
0.0408773
0.0388094
0.0368241
0.0349179
0.0330871
0.0313284
0.0296385
0.0280144
0.0264527
0.0249507
0.0235052
0.0221136
0.0207729
0.0194806
0.0182338
0.0170301
0.0158669
0.0147416
0.0136518
0.0125951
0.0115692
0.0105716
0.0096001
0.00865241
0.00772627
0.00681946
0.00592978
0.00505504
0.00419308
0.00334174
0.00249889
0.0016624
0.000830143
1.92067
1.76429
1.6143
1.47384
1.3448
1.22793
1.12313
1.0297
0.946655
0.87289
0.807292
0.74882
0.696538
0.649622
0.607356
0.569129
0.534418
0.502777
0.473827
0.447245
0.422755
0.400119
0.379137
0.359631
0.341452
0.324468
0.308564
0.29364
0.279609
0.266393
0.253925
0.242144
0.230995
0.220432
0.210411
0.200894
0.191847
0.183237
0.175037
0.16722
0.159765
0.152649
0.145852
0.139357
0.133148
0.127209
0.121526
0.116086
0.110878
0.105889
0.101109
0.0965289
0.092139
0.0879308
0.0838962
0.0800273
0.076317
0.0727584
0.069345
0.0660706
0.0629292
0.0599152
0.0570233
0.0542482
0.051585
0.0490291
0.0465757
0.0442206
0.0419594
0.039788
0.0377026
0.0356992
0.0337742
0.0319239
0.0301448
0.0284334
0.0267866
0.025201
0.0236734
0.0222009
0.0207802
0.0194086
0.018083
0.0168007
0.0155588
0.0143546
0.0131854
0.0120486
0.0109414
0.00986135
0.00880585
0.00777236
0.00675838
0.00576143
0.00477903
0.00380873
0.00284811
0.00189472
0.000946154
1.92889
1.7883
1.65233
1.5234
1.40316
1.29246
1.19152
1.10009
1.0176
0.943312
0.876429
0.816157
0.761742
0.712498
0.667806
0.627124
0.589975
0.555944
0.524674
0.495852
0.46921
0.444514
0.421561
0.400176
0.380203
0.361509
0.343975
0.327498
0.311987
0.297359
0.283544
0.270477
0.258101
0.246366
0.235225
0.224637
0.214565
0.204976
0.195838
0.187124
0.178808
0.170867
0.163281
0.156029
0.149094
0.142458
0.136108
0.130027
0.124203
0.118624
0.113278
0.108154
0.103242
0.0985327
0.0940169
0.0896861
0.0855323
0.0815478
0.0777254
0.0740583
0.0705398
0.0671638
0.0639242
0.0608152
0.0578314
0.0549675
0.0522184
0.0495792
0.0470451
0.0446116
0.0422742
0.0400287
0.0378709
0.0357968
0.0338024
0.0318839
0.0300377
0.02826
0.0265474
0.0248963
0.0233035
0.0217655
0.0202792
0.0188413
0.0174487
0.0160984
0.0147872
0.0135124
0.0122708
0.0110595
0.00987584
0.00871681
0.00757965
0.00646157
0.0053598
0.0042716
0.00319423
0.00212498
0.00106114
1.9355
1.80769
1.68332
1.56429
1.45197
1.34723
1.25043
1.16157
1.08036
1.00635
0.93898
0.877661
0.821805
0.770851
0.724279
0.68162
0.642448
0.606389
0.573111
0.542321
0.513762
0.48721
0.462465
0.439355
0.417724
0.39744
0.378382
0.360445
0.343534
0.327568
0.31247
0.298176
0.284625
0.271764
0.259545
0.247925
0.236863
0.226324
0.216277
0.20669
0.197538
0.188795
0.180438
0.172447
0.164802
0.157486
0.150481
0.143772
0.137346
0.131188
0.125286
0.119628
0.114203
0.109001
0.104012
0.0992261
0.0946356
0.0902316
0.0860064
0.0819523
0.0780621
0.074329
0.0707464
0.0673081
0.0640079
0.06084
0.0577989
0.0548791
0.0520755
0.049383
0.0467967
0.044312
0.0419241
0.0396288
0.0374216
0.0352983
0.0332549
0.0312873
0.0293916
0.027564
0.0258008
0.0240983
0.0224529
0.0208611
0.0193194
0.0178245
0.0163729
0.0149614
0.0135867
0.0122457
0.0109351
0.0096518
0.0083927
0.00715471
0.00593477
0.00472984
0.00353691
0.00235295
0.00117498
1.94091
1.82363
1.70899
1.59847
1.49323
1.39407
1.30142
1.21541
1.13595
1.06277
0.995506
0.933731
0.876996
0.824854
0.776877
0.732665
0.691849
0.654096
0.619104
0.586604
0.556357
0.528147
0.501786
0.477106
0.453955
0.432201
0.411725
0.392423
0.374198
0.356968
0.340657
0.325195
0.310524
0.296586
0.283333
0.27072
0.258704
0.24725
0.236323
0.225891
0.215927
0.206405
0.197299
0.188588
0.180252
0.172271
0.164627
0.157305
0.150289
0.143564
0.137117
0.130935
0.125007
0.119321
0.113868
0.108636
0.103616
0.0987996
0.094178
0.0897432
0.0854871
0.0814025
0.0774821
0.0737193
0.0701072
0.0666398
0.0633108
0.0601144
0.057045
0.054097
0.0512651
0.0485443
0.0459294
0.0434157
0.0409983
0.0386728
0.0364347
0.0342795
0.032203
0.0302011
0.0282695
0.0264045
0.0246019
0.022858
0.0211689
0.019531
0.0179406
0.0163941
0.0148879
0.0134186
0.0119825
0.0105763
0.00919667
0.00784012
0.00650333
0.00518299
0.00387577
0.00257839
0.00128756
1.94541
1.83695
1.73053
1.62737
1.52843
1.43442
1.34578
1.26272
1.18527
1.1133
1.04657
0.984794
0.927628
0.874729
0.825749
0.780354
0.738231
0.699086
0.662653
0.628686
0.596965
0.56729
0.539484
0.513384
0.488848
0.465744
0.443959
0.423387
0.403934
0.385517
0.36806
0.351494
0.335758
0.320795
0.306554
0.292989
0.280058
0.267723
0.255948
0.2447
0.233951
0.223673
0.213841
0.204431
0.195422
0.186794
0.178528
0.170607
0.163015
0.155736
0.148756
0.142063
0.135642
0.129483
0.123573
0.117903
0.112463
0.107242
0.102231
0.0974219
0.0928063
0.0883761
0.0841236
0.0800415
0.0761227
0.0723603
0.068748
0.0652792
0.0619479
0.0587483
0.0556744
0.0527209
0.0498822
0.0471532
0.0445288
0.0420039
0.0395737
0.0372335
0.0349786
0.0328046
0.030707
0.0286815
0.0267238
0.0248298
0.0229953
0.0212163
0.0194889
0.017809
0.016173
0.0145769
0.0130169
0.0114894
0.00999071
0.00851707
0.00706489
0.00563055
0.00421046
0.00280105
0.00139875
1.94922
1.84821
1.74884
1.65207
1.55872
1.46941
1.38458
1.30446
1.22915
1.15861
1.09272
1.03128
0.974032
0.920724
0.871077
0.824818
0.781681
0.741416
0.703787
0.668576
0.635583
0.604625
0.575535
0.548163
0.522372
0.498037
0.475047
0.453301
0.432706
0.41318
0.394647
0.37704
0.360296
0.344359
0.329177
0.314704
0.300897
0.287716
0.275126
0.263092
0.251586
0.240578
0.230042
0.219955
0.210294
0.201037
0.192166
0.183662
0.175509
0.16769
0.160191
0.152997
0.146095
0.139472
0.133117
0.127019
0.121166
0.115548
0.110156
0.10498
0.100011
0.0952419
0.0906633
0.0862677
0.0820474
0.0779953
0.0741044
0.0703678
0.066779
0.0633318
0.0600199
0.0568374
0.0537784
0.0508375
0.0480091
0.0452878
0.0426685
0.040146
0.0377155
0.0353719
0.0331107
0.0309271
0.0288165
0.0267745
0.0247966
0.0228785
0.0210159
0.0192047
0.0174405
0.0157194
0.0140373
0.0123902
0.010774
0.00918486
0.00761884
0.00607205
0.00454062
0.0030207
0.00150843
1.95246
1.85784
1.76454
1.67336
1.58498
1.49995
1.41867
1.3414
1.26828
1.19932
1.13446
1.07359
1.01654
0.963101
0.913064
0.866207
0.822312
0.781164
0.742559
0.706307
0.672227
0.640154
0.609935
0.58143
0.554509
0.529057
0.504966
0.482138
0.460486
0.439927
0.420388
0.401803
0.384109
0.367251
0.351176
0.335839
0.321196
0.307206
0.293834
0.281046
0.268811
0.257099
0.245885
0.235142
0.224849
0.214984
0.205525
0.196456
0.187757
0.179413
0.171407
0.163725
0.156354
0.149279
0.142489
0.135971
0.129715
0.123709
0.117943
0.112408
0.107094
0.101992
0.0970942
0.092391
0.0878751
0.0835386
0.0793742
0.0753747
0.0715331
0.0678426
0.0642968
0.0608892
0.0576138
0.0544645
0.0514355
0.0485211
0.0457158
0.043014
0.0404106
0.0379003
0.035478
0.0331387
0.0308777
0.02869
0.0265709
0.0245158
0.0225202
0.0205795
0.0186892
0.016845
0.0150426
0.0132776
0.0115457
0.00984278
0.00816462
0.00650705
0.00486592
0.00323711
0.00161651
1.95526
1.86616
1.77814
1.69186
1.60791
1.52677
1.44879
1.37424
1.30327
1.23594
1.17225
1.11214
1.05547
1.00212
0.951919
0.904688
0.86025
0.818425
0.77904
0.741928
0.70693
0.673898
0.642692
0.613184
0.585254
0.558793
0.5337
0.509882
0.487254
0.465738
0.445263
0.425762
0.407175
0.389448
0.372529
0.356372
0.340933
0.326172
0.312053
0.298542
0.285607
0.273219
0.26135
0.249976
0.239073
0.228618
0.218591
0.208973
0.199745
0.19089
0.182392
0.174236
0.166408
0.158892
0.151678
0.144751
0.138101
0.131716
0.125586
0.119699
0.114048
0.10862
0.103409
0.098405
0.0935994
0.0889843
0.0845519
0.0802946
0.076205
0.072276
0.0685006
0.0648723
0.0613843
0.0580305
0.0548046
0.0517005
0.0487124
0.0458345
0.0430612
0.040387
0.0378064
0.0353142
0.0329052
0.0305743
0.0283164
0.0261267
0.0240002
0.0219321
0.0199178
0.0179525
0.0160317
0.0141507
0.012305
0.0104902
0.00870167
0.00693509
0.00518602
0.00345007
0.00172285
1.9577
1.8734
1.79
1.70805
1.62806
1.55043
1.4755
1.40351
1.33464
1.26897
1.20652
1.14727
1.09114
1.03805
0.987854
0.940431
0.895632
0.853308
0.813313
0.775503
0.739738
0.705888
0.673826
0.643437
0.61461
0.587243
0.561243
0.536522
0.512999
0.490599
0.469253
0.448899
0.429477
0.410933
0.393218
0.376284
0.36009
0.344596
0.329764
0.315562
0.301957
0.28892
0.276423
0.264441
0.252949
0.241926
0.23135
0.221201
0.21146
0.202111
0.193135
0.184519
0.176245
0.168302
0.160674
0.153349
0.146316
0.139561
0.133075
0.126846
0.120864
0.115119
0.109602
0.104303
0.0992144
0.0943268
0.0896321
0.0851224
0.0807899
0.0766272
0.0726271
0.0687823
0.0650861
0.0615318
0.0581127
0.0548227
0.0516553
0.0486046
0.0456647
0.0428296
0.0400936
0.0374513
0.0348971
0.0324255
0.0300313
0.0277093
0.0254543
0.0232612
0.021125
0.0190408
0.0170036
0.0150087
0.0130512
0.0111263
0.00922943
0.00735573
0.00550059
0.00365935
0.00182736
1.95983
1.87974
1.80041
1.72231
1.64585
1.57141
1.49929
1.42971
1.36285
1.2988
1.23762
1.17931
1.12383
1.07112
1.02108
0.97361
0.928601
0.885928
0.84547
0.807103
0.770706
0.736165
0.703368
0.67221
0.642589
0.614415
0.587597
0.562055
0.537714
0.5145
0.49235
0.471203
0.451001
0.431691
0.413227
0.395561
0.378652
0.362462
0.346953
0.332092
0.317847
0.304188
0.291089
0.278523
0.266466
0.254895
0.243789
0.233127
0.222891
0.213063
0.203625
0.194562
0.185857
0.177498
0.169469
0.161757
0.15435
0.147236
0.140403
0.13384
0.127536
0.121481
0.115666
0.11008
0.104714
0.0995604
0.0946095
0.0898531
0.0852832
0.080892
0.0766719
0.0726154
0.0687153
0.0649647
0.0613566
0.0578843
0.0545414
0.0513215
0.0482182
0.0452255
0.0423373
0.0395478
0.0368512
0.0342417
0.0317139
0.0292621
0.0268811
0.0245653
0.0223096
0.0201087
0.0179574
0.0158507
0.0137835
0.0117507
0.00974736
0.00776855
0.00580931
0.00386473
0.00192993
1.96171
1.88534
1.80961
1.73493
1.66165
1.5901
1.52056
1.45323
1.38828
1.32582
1.26591
1.20857
1.15381
1.10156
1.05178
1.00439
0.959298
0.916404
0.875608
0.836807
0.799898
0.764781
0.731356
0.699531
0.669214
0.64032
0.61277
0.586486
0.561398
0.53744
0.514548
0.492665
0.471737
0.451713
0.432545
0.41419
0.396607
0.379758
0.363606
0.348118
0.333263
0.319012
0.305336
0.29221
0.27961
0.267513
0.255897
0.244741
0.234027
0.223737
0.213852
0.204356
0.195234
0.186472
0.178053
0.169966
0.162197
0.154733
0.147563
0.140675
0.134058
0.127701
0.121595
0.115729
0.110094
0.10468
0.0994791
0.094482
0.0896803
0.085066
0.080631
0.0763676
0.0722684
0.0683258
0.0645329
0.0608825
0.0573679
0.0539824
0.0507193
0.0475723
0.0445351
0.0416016
0.0387655
0.0360211
0.0333624
0.0307836
0.0282791
0.0258432
0.0234704
0.0211551
0.0188921
0.0166758
0.0145011
0.0123625
0.0102549
0.00817312
0.00611187
0.00406602
0.00203045
1.96337
1.8903
1.81778
1.74615
1.67574
1.60682
1.53964
1.4744
1.41125
1.35032
1.29166
1.23532
1.18131
1.1296
1.08017
1.03294
0.987865
0.944853
0.903826
0.864698
0.827381
0.791789
0.757834
0.725435
0.694509
0.66498
0.636774
0.609822
0.584057
0.559418
0.535844
0.513282
0.49168
0.47099
0.451165
0.432163
0.413946
0.396474
0.379713
0.363631
0.348196
0.333379
0.319153
0.305492
0.292372
0.279769
0.267663
0.256033
0.244859
0.234122
0.223806
0.213893
0.204368
0.195215
0.18642
0.177968
0.169848
0.162045
0.154547
0.147344
0.140422
0.133773
0.127384
0.121245
0.115347
0.109681
0.104236
0.0990046
0.093977
0.0891451
0.0845006
0.0800354
0.0757417
0.0716119
0.0676385
0.0638142
0.0601319
0.0565846
0.0531655
0.0498678
0.046685
0.0436106
0.0406383
0.0377619
0.0349752
0.0322722
0.029647
0.0270935
0.0246062
0.0221791
0.0198067
0.0174833
0.0152033
0.0129613
0.0107517
0.00856905
0.00640796
0.00426302
0.00212882
1.96485
1.89472
1.82507
1.75618
1.68835
1.62182
1.55681
1.49351
1.43206
1.37258
1.31514
1.25979
1.20656
1.15544
1.1064
1.05942
1.01444
0.971393
0.930226
0.890861
0.853227
0.817248
0.782851
0.74996
0.718506
0.688418
0.65963
0.632078
0.605701
0.58044
0.556243
0.533055
0.510829
0.489519
0.469081
0.449474
0.43066
0.412602
0.395266
0.378621
0.362635
0.347281
0.33253
0.318359
0.304741
0.291656
0.27908
0.266994
0.255377
0.244212
0.23348
0.223165
0.21325
0.20372
0.194561
0.185757
0.177297
0.169165
0.161351
0.153841
0.146625
0.13969
0.133026
0.126623
0.12047
0.114558
0.108877
0.103417
0.0981691
0.0931254
0.0882768
0.0836151
0.0791321
0.0748198
0.0706705
0.0666766
0.0628308
0.0591257
0.0555543
0.0521096
0.0487847
0.0455729
0.0424676
0.0394624
0.0365508
0.0337265
0.0309833
0.0283152
0.0257159
0.0231796
0.0207004
0.0182723
0.0158895
0.0135464
0.0112371
0.00895595
0.0066973
0.00445552
0.00222495
1.96618
1.89868
1.83159
1.76517
1.69968
1.63532
1.57231
1.5108
1.45095
1.39284
1.33658
1.28221
1.22976
1.17925
1.13066
1.08397
1.03914
0.996139
0.954905
0.915381
0.877508
0.841221
0.806457
0.773151
0.74124
0.710663
0.681359
0.65327
0.626341
0.600517
0.575749
0.551987
0.529185
0.5073
0.486291
0.466118
0.446745
0.428136
0.410259
0.393081
0.376574
0.36071
0.345461
0.330802
0.316711
0.303163
0.290138
0.277615
0.265574
0.253997
0.242866
0.232163
0.221873
0.21198
0.20247
0.193326
0.184537
0.176088
0.167967
0.160161
0.152659
0.145448
0.138518
0.131858
0.125458
0.119307
0.113396
0.107714
0.102253
0.0970032
0.0919563
0.0871034
0.0824361
0.0779463
0.0736259
0.069467
0.065462
0.0616033
0.0578836
0.0542956
0.0508323
0.0474866
0.0442518
0.0411209
0.0380876
0.035145
0.0322869
0.0295068
0.0267985
0.0241557
0.0215722
0.019042
0.016559
0.0141172
0.0117107
0.00933343
0.00697961
0.00464334
0.00231875
1.96737
1.90223
1.83745
1.77327
1.70989
1.64752
1.58633
1.52649
1.46812
1.41132
1.35618
1.30276
1.25109
1.2012
1.15308
1.10672
1.06211
1.0192
0.97796
0.938342
0.900296
0.863769
0.828705
0.795051
0.762749
0.731746
0.701987
0.67342
0.645994
0.61966
0.594372
0.570083
0.546751
0.524335
0.502795
0.482095
0.462199
0.443074
0.424686
0.407007
0.390007
0.37366
0.357938
0.342817
0.328274
0.314285
0.300831
0.28789
0.275443
0.263471
0.251956
0.240882
0.230232
0.219989
0.21014
0.200669
0.191563
0.182807
0.17439
0.166298
0.158519
0.151042
0.143854
0.136946
0.130306
0.123924
0.117789
0.111893
0.106224
0.100775
0.0955355
0.0904971
0.0856509
0.0809886
0.0765019
0.0721827
0.0680229
0.0640149
0.060151
0.0564238
0.0528258
0.0493499
0.045989
0.042736
0.0395841
0.0365264
0.0335564
0.0306674
0.0278529
0.0251063
0.0224214
0.0197917
0.0172111
0.0146732
0.012172
0.00970113
0.0072546
0.00482629
0.00241011
1.96844
1.90543
1.84274
1.78057
1.71911
1.65855
1.59905
1.54074
1.48375
1.42818
1.37412
1.32161
1.27071
1.22144
1.17381
1.12781
1.08344
1.04068
0.999484
0.959826
0.921664
0.884955
0.849651
0.815706
0.783071
0.751699
0.72154
0.692549
0.664678
0.637884
0.612123
0.587353
0.563534
0.540627
0.518596
0.497406
0.477022
0.457412
0.438546
0.420395
0.402931
0.386126
0.369956
0.354396
0.339424
0.325016
0.311153
0.297813
0.284978
0.272628
0.260746
0.249315
0.238319
0.227741
0.217566
0.20778
0.198369
0.189318
0.180615
0.172247
0.164201
0.156466
0.14903
0.141882
0.13501
0.128404
0.122054
0.115949
0.11008
0.104437
0.0990113
0.093793
0.0887735
0.083944
0.079296
0.0748212
0.0705113
0.0663584
0.0623546
0.0584921
0.0547634
0.051161
0.0476776
0.0443059
0.0410389
0.0378695
0.0347907
0.0317958
0.028878
0.0260307
0.0232471
0.0205208
0.0178452
0.0152139
0.0126206
0.0100587
0.00752203
0.00500421
0.00249897
1.96941
1.90832
1.84752
1.78718
1.72747
1.66857
1.6106
1.55371
1.49802
1.4436
1.39055
1.33892
1.28877
1.24011
1.19298
1.14736
1.10327
1.06067
1.01957
0.979912
0.941682
0.90484
0.869348
0.835164
0.802248
0.770557
0.740049
0.710682
0.682415
0.655206
0.629016
0.603807
0.579541
0.556183
0.533697
0.512051
0.491213
0.471152
0.451838
0.433243
0.415341
0.398106
0.381512
0.365537
0.350157
0.335351
0.321099
0.307379
0.294173
0.281463
0.26923
0.257457
0.246129
0.23523
0.224743
0.214654
0.20495
0.195615
0.186637
0.178003
0.169701
0.161718
0.154041
0.146661
0.139566
0.132744
0.126185
0.11988
0.113817
0.107987
0.102381
0.0969884
0.0918011
0.0868097
0.0820056
0.0773802
0.0729249
0.0686316
0.0644922
0.0604987
0.0566433
0.0529183
0.0493161
0.0458294
0.0424507
0.0391728
0.0359886
0.032891
0.029873
0.0269278
0.0240486
0.0212284
0.0184607
0.0157388
0.013056
0.0104058
0.00778162
0.00517693
0.00258522
1.97029
1.91094
1.85185
1.79317
1.73506
1.67766
1.62112
1.56554
1.51104
1.45771
1.40562
1.35483
1.30539
1.25734
1.2107
1.16548
1.12167
1.07928
1.03829
0.998675
0.960418
0.923486
0.887849
0.853472
0.82032
0.788357
0.757544
0.727846
0.699225
0.671643
0.645066
0.619458
0.594783
0.57101
0.548105
0.526037
0.504776
0.484293
0.46456
0.44555
0.427237
0.409596
0.392603
0.376235
0.36047
0.345286
0.330664
0.316583
0.303024
0.28997
0.277402
0.265304
0.253659
0.242451
0.231665
0.221287
0.211301
0.201694
0.192452
0.183563
0.175014
0.166791
0.158884
0.151281
0.14397
0.13694
0.130181
0.123681
0.117431
0.111421
0.105641
0.10008
0.094731
0.0895833
0.0846284
0.0798573
0.0752615
0.0708325
0.066562
0.0624417
0.0584637
0.0546201
0.0509031
0.0473049
0.0438181
0.0404353
0.0371489
0.0339519
0.030837
0.027797
0.024825
0.021914
0.0190571
0.0162473
0.0134779
0.0107421
0.00803314
0.00534427
0.00266879
1.97108
1.91331
1.85578
1.79861
1.74195
1.68595
1.6307
1.57634
1.52295
1.47063
1.41944
1.36945
1.32071
1.27324
1.22709
1.18226
1.13875
1.09658
1.05573
1.01619
0.977936
0.94095
0.905206
0.870675
0.837328
0.805132
0.774057
0.744067
0.715132
0.687217
0.66029
0.634319
0.609271
0.585117
0.561826
0.539368
0.517715
0.49684
0.476716
0.457317
0.438618
0.420596
0.403227
0.386488
0.370359
0.354818
0.339845
0.325421
0.311528
0.298146
0.285259
0.272851
0.260903
0.249401
0.23833
0.227674
0.217419
0.207551
0.198056
0.188922
0.180136
0.171684
0.163555
0.155738
0.148219
0.140989
0.134037
0.127351
0.120921
0.114737
0.108788
0.103066
0.0975609
0.0922625
0.087162
0.0822505
0.0775191
0.0729591
0.0685621
0.0643195
0.0602231
0.056265
0.0524369
0.0487312
0.04514
0.0416557
0.0382707
0.0349776
0.0317689
0.0286374
0.0255758
0.0225769
0.0196337
0.016739
0.0138859
0.0110673
0.00827636
0.00550609
0.0027496
1.9718
1.91547
1.85935
1.80356
1.74823
1.69349
1.63945
1.5862
1.53385
1.48247
1.43213
1.38289
1.33481
1.28791
1.24223
1.19779
1.1546
1.11266
1.07197
1.03252
0.994299
0.957289
0.92147
0.88682
0.853312
0.82092
0.789617
0.759373
0.73016
0.701947
0.674705
0.648405
0.623017
0.598515
0.574868
0.55205
0.530035
0.508795
0.488307
0.468545
0.449486
0.431106
0.413383
0.396295
0.379822
0.363944
0.34864
0.333891
0.31968
0.305988
0.292798
0.280094
0.267858
0.256076
0.244732
0.233811
0.223299
0.213182
0.203446
0.194077
0.185064
0.176392
0.168051
0.160028
0.152311
0.144889
0.137751
0.130885
0.124282
0.117931
0.111822
0.105944
0.100288
0.0948448
0.0896044
0.0845577
0.0796958
0.0750097
0.0704907
0.0661303
0.0619199
0.0578514
0.0539164
0.050107
0.0464152
0.0428331
0.0393529
0.0359671
0.032668
0.0294482
0.0263001
0.0232165
0.0201901
0.0172135
0.0142795
0.0113811
0.00851106
0.00566224
0.00282759
1.97246
1.91744
1.8626
1.80807
1.75396
1.70038
1.64743
1.59522
1.54382
1.49332
1.44378
1.39525
1.3478
1.30145
1.25623
1.21218
1.16929
1.12759
1.08707
1.04773
1.00957
0.972557
0.936691
0.901949
0.868311
0.835755
0.804257
0.773791
0.744332
0.715853
0.688328
0.661731
0.636035
0.611214
0.587241
0.564092
0.541741
0.520164
0.499337
0.479237
0.45984
0.441125
0.423071
0.405656
0.38886
0.372663
0.357046
0.341991
0.327479
0.313493
0.300015
0.28703
0.274521
0.262473
0.250869
0.239696
0.228939
0.218584
0.208617
0.199024
0.189794
0.180913
0.172368
0.164148
0.156241
0.148635
0.141319
0.134282
0.127513
0.121002
0.114738
0.108711
0.102911
0.0973284
0.0919535
0.0867771
0.0817897
0.0769825
0.0723464
0.0678727
0.0635527
0.059378
0.0553402
0.0514311
0.0476425
0.0439663
0.0403946
0.0369196
0.0335335
0.0302287
0.0269974
0.0238323
0.0207257
0.0176702
0.0146585
0.0116832
0.00873702
0.00581258
0.00290266
1.97306
1.91923
1.86556
1.81218
1.75918
1.70666
1.65473
1.60347
1.55296
1.50327
1.45447
1.40662
1.35976
1.31392
1.26916
1.22548
1.1829
1.14144
1.10111
1.06189
1.02379
0.986804
0.950913
0.916106
0.882365
0.849672
0.818007
0.787348
0.757673
0.728958
0.70118
0.674314
0.648338
0.623226
0.598955
0.575501
0.55284
0.530951
0.50981
0.489395
0.469684
0.450657
0.432292
0.41457
0.39747
0.380974
0.365062
0.349718
0.334922
0.320658
0.306908
0.293658
0.280889
0.268588
0.256738
0.245325
0.234335
0.223754
0.213567
0.203761
0.194324
0.185243
0.176504
0.168096
0.160008
0.152226
0.14474
0.137539
0.130612
0.123947
0.117535
0.111365
0.105427
0.0997111
0.0942075
0.0889067
0.0837992
0.0788758
0.0741274
0.0695451
0.06512
0.0608436
0.0567071
0.0527023
0.0488208
0.0450543
0.0413948
0.0378342
0.0343647
0.0309782
0.0276671
0.0244236
0.0212401
0.0181089
0.0150225
0.0119734
0.00895403
0.00595697
0.00297477
1.9736
1.92086
1.86826
1.81593
1.76394
1.71241
1.6614
1.61102
1.56132
1.5124
1.46429
1.41706
1.37076
1.32543
1.28109
1.23777
1.1955
1.15428
1.11413
1.07505
1.03703
1.00008
0.964183
0.929331
0.895509
0.862704
0.830897
0.800071
0.770206
0.741282
0.713277
0.68617
0.659939
0.634563
0.610019
0.586285
0.56334
0.541163
0.519731
0.499024
0.479021
0.459702
0.441047
0.423037
0.405653
0.388876
0.372688
0.357071
0.342008
0.327482
0.313475
0.299973
0.28696
0.274419
0.262336
0.250696
0.239485
0.228688
0.218293
0.208285
0.198651
0.189379
0.180456
0.17187
0.163608
0.155659
0.148011
0.140653
0.133575
0.126764
0.120211
0.113904
0.107834
0.101991
0.0963646
0.0909449
0.0857225
0.0806881
0.0758324
0.0711462
0.0666206
0.0622468
0.058016
0.0539196
0.0499492
0.0460963
0.0423527
0.0387102
0.0351607
0.0316961
0.0283085
0.02499
0.0217328
0.0185291
0.0153712
0.0122513
0.00916191
0.00609529
0.00304385
1.9741
1.92234
1.87073
1.81935
1.76829
1.71765
1.6675
1.61792
1.56899
1.52076
1.4733
1.42666
1.38089
1.33602
1.29209
1.24912
1.20714
1.16616
1.1262
1.08726
1.04933
1.01243
0.976542
0.941662
0.90778
0.874882
0.842957
0.811987
0.781956
0.752846
0.724639
0.697315
0.670855
0.645238
0.620445
0.596455
0.573249
0.550805
0.529105
0.508127
0.487853
0.468263
0.449338
0.43106
0.41341
0.39637
0.379923
0.36405
0.348736
0.333963
0.319715
0.305976
0.292731
0.279964
0.267661
0.255806
0.244386
0.233386
0.222793
0.212593
0.202773
0.19332
0.184222
0.175466
0.167039
0.158931
0.15113
0.143623
0.136401
0.129451
0.122763
0.116327
0.110131
0.104167
0.098423
0.0928901
0.0875583
0.082418
0.0774599
0.0726747
0.0680532
0.0635865
0.0592657
0.055082
0.0510267
0.0470914
0.0432675
0.0395468
0.0359209
0.0323818
0.0289211
0.025531
0.0222035
0.0189305
0.0157042
0.0125168
0.00936048
0.00622741
0.00310983
1.97455
1.9237
1.87297
1.82246
1.77226
1.72243
1.67307
1.62423
1.576
1.52842
1.48156
1.43547
1.39019
1.34576
1.30222
1.25958
1.21789
1.17715
1.13737
1.09857
1.06074
1.0239
0.98803
0.953137
0.91921
0.886239
0.854213
0.82312
0.792944
0.763671
0.735283
0.707765
0.681097
0.655263
0.630244
0.60602
0.582574
0.559886
0.537937
0.51671
0.496185
0.476343
0.457168
0.43864
0.420742
0.403457
0.386766
0.370655
0.355105
0.340101
0.325626
0.311665
0.298202
0.285222
0.272711
0.260654
0.249037
0.237845
0.227065
0.216683
0.206687
0.197063
0.187799
0.178882
0.1703
0.162042
0.154094
0.146447
0.139087
0.132006
0.12519
0.118631
0.112316
0.106236
0.100381
0.0947408
0.089305
0.0840641
0.0790087
0.0741294
0.0694168
0.0648617
0.0604552
0.0561884
0.0520525
0.0480387
0.0441384
0.0403433
0.0366448
0.0330346
0.0295044
0.0260461
0.0226516
0.0193127
0.0160213
0.0127696
0.00954957
0.00635322
0.00317266
1.97496
1.92493
1.87502
1.82531
1.77588
1.7268
1.67815
1.63
1.5824
1.53543
1.48912
1.44354
1.39872
1.35471
1.31153
1.26922
1.22779
1.18728
1.14768
1.10902
1.0713
1.03452
0.998684
0.96379
0.929832
0.896803
0.864694
0.833495
0.803193
0.773776
0.745228
0.717536
0.690682
0.664651
0.639426
0.614989
0.591323
0.568411
0.546235
0.524777
0.50402
0.483946
0.464538
0.445778
0.42765
0.410136
0.39322
0.376885
0.361115
0.345894
0.331207
0.317037
0.30337
0.290191
0.277485
0.265238
0.253435
0.242062
0.231106
0.220554
0.210392
0.200607
0.191186
0.182118
0.173389
0.164988
0.156903
0.149122
0.141633
0.134427
0.127491
0.120815
0.114387
0.108199
0.102238
0.0964957
0.0909613
0.0856252
0.0804777
0.0755091
0.0707101
0.0660713
0.0615837
0.0572381
0.0530256
0.0489374
0.0449647
0.041099
0.0373315
0.033654
0.0300579
0.0265349
0.0230768
0.0196753
0.0163223
0.0130095
0.009729
0.00647261
0.00323229
1.97534
1.92605
1.87688
1.82789
1.77917
1.73078
1.68279
1.63526
1.58825
1.54183
1.49604
1.45093
1.40654
1.36291
1.32008
1.27806
1.2369
1.1966
1.15718
1.11866
1.08105
1.04434
1.00854
0.973653
0.939676
0.906602
0.874424
0.843135
0.812725
0.783181
0.754492
0.726644
0.699623
0.673414
0.648002
0.623371
0.599506
0.576389
0.554004
0.532334
0.511364
0.491075
0.471452
0.452477
0.434135
0.416409
0.399283
0.38274
0.366766
0.351343
0.336457
0.322093
0.308236
0.29487
0.281981
0.269556
0.257579
0.246037
0.234916
0.224203
0.213885
0.203949
0.194381
0.18517
0.176303
0.167768
0.159553
0.151647
0.144037
0.136713
0.129663
0.122877
0.116343
0.110052
0.103992
0.0981534
0.0925261
0.0871001
0.0818656
0.0768128
0.0719322
0.0672144
0.0626501
0.0582301
0.0539453
0.0497868
0.0457457
0.0418133
0.0379807
0.0342395
0.0305811
0.026997
0.0234788
0.0200182
0.0166068
0.0132363
0.00989864
0.00658548
0.00328866
1.97568
1.92707
1.87857
1.83025
1.78217
1.7344
1.687
1.64005
1.59358
1.54767
1.50235
1.45767
1.41368
1.37041
1.3279
1.28617
1.24525
1.20516
1.16591
1.12753
1.09002
1.05338
1.01763
0.982757
0.94877
0.915662
0.883428
0.852063
0.821558
0.791904
0.76309
0.735103
0.707932
0.681564
0.655984
0.631177
0.607129
0.583826
0.56125
0.539386
0.51822
0.497734
0.477912
0.45874
0.440201
0.422278
0.404957
0.388222
0.372057
0.356448
0.341378
0.326832
0.312797
0.299257
0.286199
0.273607
0.261467
0.249767
0.238492
0.22763
0.217166
0.207087
0.197382
0.188038
0.179041
0.170381
0.162044
0.15402
0.146296
0.138862
0.131706
0.124816
0.118183
0.111795
0.105642
0.0997128
0.0939982
0.0884877
0.0831714
0.0780394
0.0730821
0.06829
0.0636536
0.0591637
0.0548109
0.0505863
0.0464808
0.0424856
0.0385918
0.0347907
0.0310736
0.027432
0.0238572
0.0203409
0.0168746
0.0134498
0.0100583
0.00669174
0.00334172
1.97599
1.928
1.8801
1.83238
1.78488
1.73768
1.69083
1.6444
1.59843
1.55298
1.50809
1.46382
1.42019
1.37726
1.33504
1.29358
1.25289
1.21299
1.17391
1.13566
1.09825
1.06169
1.02598
0.991131
0.95714
0.924007
0.891729
0.8603
0.829714
0.799963
0.771038
0.742929
0.715624
0.689112
0.66338
0.638415
0.614203
0.590729
0.567979
0.545939
0.524593
0.503926
0.483923
0.464569
0.445848
0.427745
0.410244
0.393331
0.376991
0.361208
0.345967
0.331254
0.317054
0.303353
0.290136
0.27739
0.2651
0.253252
0.241834
0.230832
0.220232
0.210022
0.200189
0.19072
0.181602
0.172825
0.164375
0.156241
0.148411
0.140873
0.133617
0.126631
0.119905
0.113426
0.107186
0.101173
0.0953765
0.089787
0.0843942
0.0791882
0.0741591
0.0692974
0.0645936
0.0600381
0.0556217
0.0513352
0.0471694
0.0431154
0.0391642
0.035307
0.031535
0.0278395
0.0242118
0.0206433
0.0171255
0.0136499
0.010208
0.00679129
0.00339144
1.97627
1.92883
1.88149
1.83431
1.78734
1.74065
1.6943
1.64834
1.60282
1.55779
1.5133
1.46939
1.42611
1.38348
1.34154
1.30032
1.25984
1.22013
1.18121
1.14308
1.10577
1.06928
1.03362
0.998799
0.964812
0.931662
0.899347
0.867864
0.837209
0.807374
0.778352
0.750135
0.722711
0.696071
0.670203
0.645094
0.620733
0.597105
0.574198
0.551996
0.530487
0.509655
0.489486
0.469966
0.451078
0.43281
0.415145
0.398068
0.381566
0.365624
0.350226
0.335358
0.321006
0.307156
0.293794
0.280904
0.268475
0.256491
0.244941
0.233809
0.223083
0.212751
0.202799
0.193214
0.183985
0.175099
0.166543
0.158307
0.150378
0.142745
0.135397
0.128321
0.121508
0.114946
0.108624
0.102532
0.0966601
0.0909971
0.0855331
0.0802581
0.0751623
0.0702359
0.0654692
0.0608527
0.0563771
0.0520329
0.047811
0.0437022
0.0396976
0.0357881
0.0319649
0.0282192
0.0245421
0.0209251
0.0173593
0.0138363
0.0103474
0.00688407
0.00343778
1.97652
1.92958
1.88274
1.83604
1.78956
1.74333
1.69743
1.65189
1.60678
1.56214
1.51801
1.47443
1.43146
1.38911
1.34742
1.30643
1.26615
1.22661
1.18783
1.14983
1.11261
1.07619
1.04058
1.00579
0.971807
0.938646
0.906303
0.874776
0.844061
0.814153
0.785047
0.756733
0.729204
0.70245
0.67646
0.651223
0.626728
0.602962
0.579912
0.557565
0.535908
0.514926
0.494606
0.474934
0.455895
0.437476
0.41966
0.402435
0.385785
0.369696
0.354154
0.339145
0.324654
0.310667
0.29717
0.28415
0.271592
0.259483
0.24781
0.23656
0.225718
0.215273
0.205211
0.19552
0.186188
0.177201
0.168549
0.160219
0.152198
0.144477
0.137043
0.129885
0.122991
0.116352
0.109955
0.103791
0.0978481
0.0921171
0.0865873
0.0812486
0.076091
0.0711046
0.0662798
0.0616069
0.0570764
0.0526789
0.048405
0.0442456
0.0401915
0.0362336
0.0323631
0.0285708
0.0248481
0.021186
0.0175759
0.0140089
0.0104765
0.00696998
0.00348068
1.97674
1.93026
1.88386
1.8376
1.79154
1.74573
1.70023
1.65508
1.61034
1.56604
1.52224
1.47897
1.43627
1.39418
1.35272
1.31193
1.27184
1.23246
1.19381
1.15592
1.11879
1.08245
1.04688
1.01212
0.978146
0.944979
0.912614
0.88105
0.850285
0.820315
0.791134
0.762737
0.735115
0.708259
0.682161
0.65681
0.632195
0.608305
0.585127
0.562649
0.540859
0.519742
0.499286
0.479477
0.460301
0.441744
0.423792
0.406431
0.389647
0.373425
0.357752
0.342614
0.327996
0.313884
0.300265
0.287125
0.27445
0.262227
0.250443
0.239083
0.228136
0.217587
0.207425
0.197637
0.18821
0.179132
0.17039
0.161974
0.15387
0.146068
0.138555
0.131321
0.124354
0.117643
0.111178
0.104947
0.0989397
0.0931463
0.087556
0.0821588
0.0769444
0.0719031
0.0670249
0.0623001
0.0577192
0.0532727
0.0489511
0.0447451
0.0406455
0.0366432
0.032729
0.0288941
0.0251293
0.0214259
0.0177749
0.0141676
0.0105952
0.00704897
0.00352013
1.97694
1.93086
1.88486
1.83899
1.79331
1.74787
1.70273
1.65792
1.61351
1.56952
1.52601
1.48301
1.44057
1.39871
1.35746
1.31686
1.27693
1.2377
1.19918
1.16139
1.12434
1.08806
1.05254
1.01781
0.983849
0.950679
0.918297
0.886703
0.855896
0.825872
0.796628
0.768157
0.740453
0.713509
0.687315
0.661863
0.637141
0.613141
0.589849
0.567254
0.545344
0.524107
0.503528
0.483596
0.464297
0.445617
0.427542
0.410059
0.393154
0.376812
0.361021
0.345766
0.331033
0.316808
0.303079
0.28983
0.27705
0.264723
0.252837
0.241379
0.230335
0.219693
0.20944
0.199564
0.190051
0.180889
0.172067
0.163572
0.155392
0.147516
0.139932
0.132629
0.125595
0.118819
0.112291
0.106
0.0999342
0.0940839
0.0884387
0.0829881
0.0777221
0.0726306
0.0677038
0.0629318
0.058305
0.0538138
0.0494487
0.0452003
0.0410593
0.0370165
0.0330626
0.0291887
0.0253857
0.0216445
0.0179564
0.0143123
0.0107034
0.00712097
0.00355609
1.97712
1.93139
1.88574
1.84021
1.79487
1.74977
1.70494
1.66044
1.61631
1.5726
1.52935
1.4866
1.44438
1.40272
1.36167
1.32123
1.28145
1.24235
1.20394
1.16625
1.12928
1.09306
1.05758
1.02287
0.988932
0.955763
0.923368
0.89175
0.860907
0.830837
0.801538
0.773004
0.745229
0.718207
0.691929
0.666388
0.641573
0.617475
0.594082
0.571384
0.549368
0.528023
0.507336
0.487295
0.467886
0.449096
0.430911
0.413319
0.396306
0.379857
0.36396
0.348601
0.333765
0.31944
0.305611
0.292265
0.279389
0.26697
0.254993
0.243446
0.232316
0.22159
0.211255
0.201299
0.191709
0.182472
0.173577
0.165012
0.156764
0.148821
0.141173
0.133808
0.126714
0.11988
0.113295
0.106949
0.100831
0.0949295
0.0892346
0.083736
0.0784234
0.0732868
0.0683161
0.0635016
0.0588334
0.0543019
0.0498976
0.0456109
0.0414326
0.0373532
0.0333635
0.0294545
0.0256169
0.0218418
0.0181201
0.0144428
0.010801
0.00718592
0.00358853
1.97728
1.93185
1.88651
1.84129
1.79624
1.75142
1.70687
1.66264
1.61877
1.5753
1.53228
1.48974
1.44772
1.40624
1.36535
1.32507
1.28542
1.24644
1.20813
1.17052
1.13362
1.09745
1.06202
1.02734
0.993411
0.960244
0.92784
0.896202
0.865329
0.835221
0.805875
0.777286
0.74945
0.722361
0.696011
0.670392
0.645496
0.621312
0.597831
0.575042
0.552934
0.531495
0.510713
0.490575
0.471069
0.452182
0.433902
0.416213
0.399104
0.382561
0.366571
0.351119
0.336192
0.321777
0.307861
0.294429
0.281469
0.268967
0.25691
0.245284
0.234078
0.223277
0.21287
0.202843
0.193184
0.183881
0.174921
0.166293
0.157984
0.149983
0.142278
0.134857
0.12771
0.120824
0.114189
0.107795
0.101629
0.0956823
0.0899433
0.0844019
0.0790479
0.0738711
0.0688614
0.064009
0.059304
0.0547366
0.0502974
0.0459766
0.041765
0.0376531
0.0336315
0.0296912
0.0258229
0.0220175
0.0182658
0.014559
0.010888
0.00724377
0.00361742
1.97741
1.93225
1.88717
1.84221
1.79742
1.75285
1.70854
1.66454
1.62089
1.57763
1.53481
1.49245
1.4506
1.40929
1.36854
1.32839
1.28886
1.24997
1.21176
1.17422
1.13739
1.10127
1.06587
1.03121
0.997299
0.964135
0.931725
0.900071
0.869174
0.839034
0.809648
0.781014
0.753126
0.725979
0.699567
0.673881
0.648915
0.624658
0.601101
0.578234
0.556046
0.534525
0.51366
0.493439
0.473849
0.454879
0.436514
0.418742
0.40155
0.384925
0.368853
0.353321
0.338315
0.323822
0.309829
0.296322
0.283289
0.270715
0.258587
0.246893
0.23562
0.224754
0.214283
0.204195
0.194476
0.185115
0.176099
0.167415
0.159053
0.151001
0.143245
0.135776
0.128582
0.121651
0.114973
0.108535
0.102329
0.0963419
0.0905643
0.0849855
0.0795952
0.0743831
0.0693393
0.0644537
0.0597163
0.0551176
0.0506477
0.0462971
0.0420563
0.0379159
0.0338664
0.0298987
0.0260034
0.0221714
0.0183936
0.0146609
0.0109642
0.00729448
0.00364275
1.97752
1.93259
1.88773
1.84299
1.79842
1.75405
1.70995
1.66615
1.62268
1.57961
1.53695
1.49475
1.45305
1.41187
1.37124
1.33121
1.29178
1.25298
1.21484
1.17736
1.14058
1.10451
1.06914
1.03451
1.00061
0.967448
0.935033
0.903367
0.87245
0.842284
0.812865
0.784193
0.756261
0.729066
0.702602
0.676861
0.651835
0.627516
0.603895
0.580962
0.558706
0.537116
0.516181
0.495889
0.476228
0.457186
0.43875
0.420907
0.403644
0.386949
0.370807
0.355206
0.340133
0.325574
0.311515
0.297945
0.284848
0.272212
0.260025
0.248272
0.236942
0.22602
0.215495
0.205354
0.195584
0.186173
0.177108
0.168378
0.15997
0.151874
0.144076
0.136565
0.129331
0.122361
0.115645
0.109171
0.102929
0.0969079
0.0910972
0.0854862
0.0800648
0.0748226
0.0697494
0.0648353
0.0600703
0.0554446
0.0509484
0.0465722
0.0423064
0.0381415
0.0340681
0.0300768
0.0261584
0.0223036
0.0185033
0.0147484
0.0110296
0.00733801
0.00366449
1.97762
1.93287
1.88819
1.84363
1.79924
1.75505
1.71111
1.66747
1.62416
1.58123
1.53872
1.49665
1.45506
1.414
1.37348
1.33353
1.29418
1.25546
1.21738
1.17996
1.14323
1.10719
1.07185
1.03724
1.00335
0.970191
0.937774
0.906098
0.875166
0.844979
0.815534
0.78683
0.758863
0.731629
0.705122
0.679335
0.65426
0.629891
0.606217
0.583229
0.560917
0.53927
0.518277
0.497926
0.478207
0.459105
0.44061
0.422708
0.405387
0.388633
0.372434
0.356776
0.341647
0.327032
0.31292
0.299296
0.286147
0.27346
0.261223
0.249422
0.238043
0.227076
0.216505
0.20632
0.196507
0.187055
0.17795
0.16918
0.160735
0.152601
0.144768
0.137223
0.129955
0.122953
0.116205
0.109701
0.103429
0.0973799
0.0915416
0.0859039
0.0804565
0.0751891
0.0700915
0.0651536
0.0603655
0.0557173
0.0511993
0.0468017
0.042515
0.0383297
0.0342363
0.0302254
0.0262877
0.0224139
0.0185948
0.0148213
0.0110842
0.00737432
0.00368262
1.97769
1.93309
1.88856
1.84414
1.79989
1.75584
1.71203
1.66852
1.62534
1.58252
1.54012
1.49815
1.45666
1.41569
1.37525
1.33538
1.2961
1.25743
1.2194
1.18203
1.14533
1.10932
1.07401
1.03941
1.00553
0.972374
0.939955
0.908272
0.877328
0.847124
0.817659
0.788931
0.760936
0.733671
0.70713
0.681307
0.656194
0.631785
0.608069
0.585038
0.562681
0.540989
0.51995
0.499553
0.479786
0.460638
0.442096
0.424147
0.406779
0.389979
0.373734
0.358031
0.342857
0.328198
0.314042
0.300376
0.287185
0.274458
0.262181
0.25034
0.238924
0.227919
0.217313
0.207093
0.197246
0.18776
0.178623
0.169822
0.161347
0.153184
0.145321
0.137749
0.130454
0.123426
0.116653
0.110125
0.10383
0.0977577
0.0918973
0.0862382
0.08077
0.0754824
0.0703652
0.0654084
0.0606018
0.0559356
0.0514001
0.0469854
0.042682
0.0384803
0.0343709
0.0303443
0.0263911
0.0225022
0.0186681
0.0148797
0.0111279
0.00740339
0.00369714
1.97774
1.93325
1.88883
1.84452
1.80037
1.75642
1.71272
1.6693
1.62621
1.58348
1.54116
1.49927
1.45786
1.41694
1.37657
1.33675
1.29752
1.2589
1.22091
1.18357
1.1469
1.11091
1.07561
1.04102
1.00715
0.974002
0.941582
0.909894
0.878942
0.848726
0.819246
0.790499
0.762484
0.735197
0.708631
0.682781
0.65764
0.6332
0.609453
0.58639
0.564
0.542274
0.521201
0.50077
0.480968
0.461785
0.443208
0.425224
0.407821
0.390986
0.374707
0.35897
0.343763
0.329072
0.314883
0.301185
0.287963
0.275205
0.262898
0.251029
0.239584
0.228552
0.217918
0.207672
0.197799
0.188289
0.179127
0.170304
0.161805
0.15362
0.145737
0.138143
0.130829
0.123781
0.11699
0.110443
0.10413
0.098041
0.092164
0.0864888
0.0810051
0.0757024
0.0705706
0.0655995
0.060779
0.0560994
0.0515507
0.0471232
0.0428073
0.0385933
0.0344719
0.0304335
0.0264688
0.0225684
0.018723
0.0149235
0.0111606
0.0074252
0.00370803
1.97778
1.93336
1.88901
1.84477
1.80069
1.75681
1.71317
1.66982
1.62678
1.58411
1.54184
1.50001
1.45864
1.41777
1.37744
1.33766
1.29846
1.25987
1.2219
1.18458
1.14793
1.11196
1.07667
1.04209
1.00823
0.97508
0.942659
0.910968
0.880011
0.849787
0.820297
0.791539
0.763511
0.736208
0.709626
0.683758
0.658599
0.634139
0.610372
0.587287
0.564876
0.543128
0.522032
0.501578
0.481753
0.462547
0.443946
0.425939
0.408513
0.391656
0.375354
0.359595
0.344365
0.329652
0.315442
0.301723
0.288481
0.275703
0.263376
0.251487
0.240023
0.228972
0.218321
0.208057
0.198168
0.18864
0.179463
0.170624
0.16211
0.153911
0.146013
0.138406
0.131078
0.124017
0.117213
0.110655
0.10433
0.0982296
0.0923416
0.0866557
0.0811616
0.0758489
0.0707073
0.0657267
0.060897
0.0562084
0.051651
0.0472149
0.0428907
0.0386686
0.0345392
0.0304929
0.0265205
0.0226125
0.0187596
0.0149527
0.0111825
0.00743972
0.00371528
1.9778
1.93341
1.8891
1.8449
1.80085
1.757
1.71339
1.67007
1.62707
1.58442
1.54218
1.50037
1.45903
1.41818
1.37786
1.3381
1.29892
1.26034
1.22239
1.18508
1.14844
1.11247
1.0772
1.04262
1.00876
0.97561
0.943189
0.911498
0.880537
0.85031
0.820815
0.792052
0.764017
0.736707
0.710117
0.684241
0.659072
0.634603
0.610826
0.587731
0.565309
0.54355
0.522443
0.501978
0.482142
0.462924
0.444312
0.426294
0.408857
0.391988
0.375675
0.359904
0.344664
0.32994
0.31572
0.30199
0.288737
0.275949
0.263613
0.251714
0.240241
0.229181
0.218521
0.208249
0.198351
0.188815
0.17963
0.170783
0.162262
0.154055
0.14615
0.138536
0.131202
0.124135
0.117325
0.11076
0.10443
0.0983234
0.0924299
0.0867388
0.0812395
0.0759218
0.0707754
0.06579
0.0609558
0.0562627
0.0517009
0.0472606
0.0429322
0.0387061
0.0345726
0.0305225
0.0265462
0.0226344
0.0187779
0.0149672
0.0111933
0.00744695
0.0037189
1.9778
1.93341
1.8891
1.84489
1.80084
1.75699
1.71338
1.67006
1.62706
1.58441
1.54217
1.50036
1.45901
1.41817
1.37785
1.33809
1.29891
1.26033
1.22238
1.18507
1.14842
1.11246
1.07718
1.0426
1.00874
0.975595
0.943175
0.911483
0.880523
0.850296
0.820802
0.792039
0.764005
0.736695
0.710106
0.68423
0.659062
0.634593
0.610816
0.587722
0.5653
0.543542
0.522435
0.50197
0.482134
0.462917
0.444305
0.426287
0.40885
0.391982
0.375669
0.359899
0.344659
0.329935
0.315715
0.301986
0.288733
0.275946
0.263609
0.251711
0.240238
0.229178
0.218519
0.208246
0.198348
0.188813
0.179628
0.170781
0.16226
0.154053
0.146149
0.138535
0.1312
0.124134
0.117324
0.110759
0.104429
0.0983224
0.092429
0.0867379
0.0812387
0.0759211
0.0707747
0.0657894
0.0609552
0.0562622
0.0517004
0.0472602
0.0429318
0.0387057
0.0345723
0.0305222
0.026546
0.0226342
0.0187777
0.0149671
0.0111932
0.00744689
0.00371886
1.97778
1.93336
1.889
1.84476
1.80068
1.75679
1.71315
1.66979
1.62675
1.58408
1.54181
1.49997
1.4586
1.41773
1.37739
1.33761
1.29841
1.25982
1.22186
1.18454
1.14788
1.11191
1.07663
1.04205
1.00818
0.975035
0.942615
0.910925
0.879969
0.849746
0.820257
0.791501
0.763473
0.736172
0.709591
0.683725
0.658566
0.634108
0.610342
0.587259
0.564849
0.543102
0.522007
0.501554
0.481731
0.462525
0.443926
0.42592
0.408495
0.391639
0.375338
0.359579
0.34435
0.329638
0.315429
0.30171
0.288469
0.275692
0.263365
0.251477
0.240014
0.228964
0.218313
0.208049
0.19816
0.188634
0.179457
0.170618
0.162105
0.153905
0.146008
0.138401
0.131074
0.124013
0.11721
0.110651
0.104327
0.0982266
0.0923388
0.0866531
0.0811592
0.0758467
0.0707052
0.0657248
0.0608953
0.0562068
0.0516495
0.0472136
0.0428895
0.0386675
0.0345382
0.0304921
0.0265197
0.0226119
0.0187591
0.0149523
0.0111822
0.00743952
0.00371518
1.97774
1.93324
1.88882
1.8445
1.80034
1.75639
1.71268
1.66926
1.62616
1.58343
1.5411
1.49921
1.45779
1.41688
1.37649
1.33668
1.29744
1.25882
1.22083
1.18349
1.14682
1.11083
1.07553
1.04095
1.00708
0.973927
0.941508
0.909822
0.878872
0.848657
0.819179
0.790435
0.762422
0.735136
0.708573
0.682725
0.657586
0.633148
0.609404
0.586342
0.563955
0.542231
0.52116
0.50073
0.480931
0.461749
0.443174
0.425192
0.407791
0.390958
0.37468
0.358945
0.343738
0.329048
0.314861
0.301164
0.287944
0.275187
0.262881
0.251013
0.239569
0.228537
0.217905
0.207659
0.197787
0.188277
0.179117
0.170294
0.161796
0.153611
0.145728
0.138136
0.130821
0.123774
0.116983
0.110437
0.104125
0.098036
0.0921593
0.0864845
0.0810011
0.0756987
0.0705671
0.0655963
0.0607761
0.0560967
0.0515482
0.047121
0.0428053
0.0385916
0.0344703
0.0304321
0.0264676
0.0225674
0.0187222
0.0149229
0.0111601
0.00742487
0.00370786
1.97768
1.93308
1.88854
1.84411
1.79985
1.75579
1.71198
1.66846
1.62527
1.58245
1.54003
1.49806
1.45657
1.41559
1.37515
1.33527
1.29599
1.25732
1.21929
1.18192
1.14522
1.10921
1.0739
1.0393
1.00542
0.972269
0.939852
0.908171
0.87723
0.847028
0.817566
0.78884
0.760849
0.733587
0.707049
0.681229
0.656119
0.631712
0.607999
0.584971
0.562618
0.540928
0.519892
0.499498
0.479734
0.460588
0.442048
0.424102
0.406736
0.389939
0.373696
0.357995
0.342823
0.328166
0.314012
0.300347
0.287158
0.274432
0.262157
0.250318
0.238903
0.227899
0.217294
0.207075
0.197229
0.187744
0.178608
0.169809
0.161334
0.153171
0.14531
0.137738
0.130444
0.123417
0.116645
0.110117
0.103823
0.0977507
0.0918907
0.0862321
0.0807644
0.0754772
0.0703605
0.065404
0.0605977
0.0559319
0.0513967
0.0469823
0.0426793
0.0384779
0.0343687
0.0303424
0.0263895
0.0225007
0.0186669
0.0148788
0.0111272
0.00740293
0.00369691
1.97761
1.93285
1.88816
1.84359
1.79919
1.75499
1.71104
1.66739
1.62407
1.58113
1.53861
1.49653
1.45494
1.41387
1.37335
1.3334
1.29405
1.25532
1.21724
1.17982
1.14309
1.10705
1.07171
1.0371
1.00321
0.970056
0.937641
0.905968
0.87504
0.844855
0.815414
0.786714
0.758751
0.73152
0.705017
0.679234
0.654164
0.629798
0.606128
0.583144
0.560835
0.539192
0.518203
0.497856
0.478139
0.459041
0.440549
0.422651
0.405332
0.388581
0.372385
0.35673
0.341603
0.326991
0.312881
0.299259
0.286112
0.273428
0.261192
0.249392
0.238016
0.22705
0.216481
0.206297
0.196486
0.187034
0.177931
0.169163
0.160718
0.152586
0.144753
0.137209
0.129942
0.122941
0.116194
0.109691
0.10342
0.097371
0.0915332
0.0858962
0.0804493
0.0751824
0.0700853
0.0651479
0.0603603
0.0557126
0.051195
0.0467978
0.0425115
0.0383265
0.0342334
0.0302229
0.0262855
0.0224121
0.0185933
0.0148201
0.0110833
0.00737373
0.00368233
1.97751
1.93257
1.88769
1.84294
1.79835
1.75398
1.70986
1.66604
1.62257
1.57948
1.53682
1.49461
1.4529
1.41171
1.37108
1.33104
1.29161
1.25281
1.21466
1.17719
1.14041
1.10433
1.06897
1.03434
1.00044
0.967282
0.93487
0.903208
0.872295
0.842133
0.812719
0.78405
0.756124
0.728933
0.702474
0.676737
0.651717
0.627403
0.603786
0.580858
0.558606
0.537021
0.51609
0.495803
0.476146
0.457108
0.438676
0.420837
0.403578
0.386886
0.370747
0.35515
0.34008
0.325523
0.311468
0.2979
0.284806
0.272173
0.259987
0.248237
0.236909
0.225989
0.215466
0.205326
0.195558
0.186148
0.177085
0.168356
0.15995
0.151855
0.144058
0.136549
0.129315
0.122346
0.115631
0.109158
0.102917
0.096897
0.091087
0.0854768
0.0800561
0.0748145
0.069742
0.0648284
0.060064
0.0554388
0.0509432
0.0465675
0.0423021
0.0381376
0.0340646
0.0300738
0.0261558
0.0223014
0.0185015
0.0147469
0.0110285
0.00733729
0.00366413
1.9774
1.93223
1.88713
1.84215
1.79734
1.75275
1.70843
1.66442
1.62075
1.57749
1.53465
1.49228
1.45042
1.4091
1.36835
1.32819
1.28866
1.24977
1.21155
1.17401
1.13718
1.10106
1.06567
1.03101
0.997099
0.963938
0.931531
0.899882
0.86899
0.838854
0.809474
0.780845
0.752963
0.725822
0.699415
0.673736
0.648775
0.624524
0.600973
0.578111
0.555928
0.534413
0.513554
0.493338
0.473753
0.454787
0.436427
0.41866
0.401472
0.384851
0.368783
0.353254
0.338252
0.323763
0.309773
0.29627
0.283239
0.270668
0.258543
0.246852
0.235581
0.224717
0.214249
0.204162
0.194446
0.185086
0.176072
0.16739
0.15903
0.150978
0.143225
0.135757
0.128564
0.121634
0.114957
0.108521
0.102315
0.0963291
0.0905524
0.0849745
0.079585
0.0743737
0.0693306
0.0644456
0.059709
0.0551108
0.0506416
0.0462916
0.0420513
0.0379114
0.0338624
0.0298952
0.0260004
0.0221689
0.0183915
0.0146592
0.0109629
0.00729364
0.00364233
1.97727
1.93182
1.88645
1.84121
1.79615
1.75131
1.70674
1.6625
1.61861
1.57513
1.53209
1.48954
1.44751
1.40603
1.36513
1.32484
1.28519
1.2462
1.20789
1.17028
1.13338
1.09721
1.06178
1.0271
0.993178
0.960015
0.927616
0.895982
0.865116
0.835013
0.805673
0.777091
0.749262
0.722179
0.695836
0.670224
0.645334
0.621157
0.597683
0.574901
0.552799
0.531366
0.51059
0.490458
0.470958
0.452077
0.433801
0.416118
0.399014
0.382476
0.36649
0.351043
0.33612
0.321709
0.307797
0.294369
0.281412
0.268913
0.256859
0.245237
0.234033
0.223235
0.21283
0.202806
0.193149
0.183848
0.174891
0.166264
0.157957
0.149958
0.142254
0.134835
0.127689
0.120805
0.114171
0.107778
0.101614
0.0956676
0.0899297
0.0843893
0.0790362
0.0738603
0.0688514
0.0639998
0.0592955
0.0547289
0.0502903
0.0459702
0.0417592
0.0376479
0.033627
0.0296872
0.0258194
0.0220145
0.0182634
0.0145571
0.0108865
0.00724281
0.00361694
1.97711
1.93135
1.88568
1.84013
1.79477
1.74964
1.70479
1.66027
1.61613
1.5724
1.52914
1.48637
1.44414
1.40247
1.36141
1.32097
1.28118
1.24208
1.20367
1.16597
1.129
1.09278
1.05731
1.0226
0.988666
0.955501
0.923112
0.8915
0.860663
0.830601
0.801309
0.772782
0.745015
0.718
0.691731
0.666197
0.64139
0.617299
0.593914
0.571224
0.549215
0.527878
0.507198
0.487163
0.46776
0.448977
0.430798
0.413212
0.396204
0.379761
0.363869
0.348515
0.333684
0.319363
0.305539
0.292197
0.279325
0.266909
0.254936
0.243393
0.232266
0.221543
0.211211
0.201257
0.19167
0.182435
0.173543
0.164979
0.156733
0.148793
0.141147
0.133783
0.12669
0.119858
0.113275
0.10693
0.100813
0.0949131
0.0892194
0.0837218
0.0784103
0.0732747
0.0683049
0.0634913
0.0588239
0.0542933
0.0498897
0.0456038
0.0414261
0.0373474
0.0333584
0.02945
0.025613
0.0218385
0.0181173
0.0144406
0.0107994
0.00718484
0.00358799
1.97693
1.93082
1.88479
1.83889
1.79319
1.74773
1.70256
1.65773
1.6133
1.56929
1.52577
1.48275
1.44029
1.39842
1.35717
1.31656
1.27663
1.23739
1.19886
1.16107
1.12403
1.08775
1.05224
1.0175
0.983549
0.950385
0.918009
0.886423
0.855623
0.825607
0.796371
0.767909
0.740214
0.713278
0.687093
0.66165
0.636937
0.612945
0.589662
0.567076
0.545174
0.523944
0.503374
0.48345
0.464158
0.445484
0.427417
0.40994
0.393041
0.376706
0.36092
0.345671
0.330943
0.316724
0.302999
0.289755
0.276978
0.264656
0.252774
0.24132
0.230279
0.219641
0.209391
0.199517
0.190007
0.180848
0.172028
0.163536
0.155358
0.147484
0.139902
0.132601
0.125569
0.118795
0.112269
0.105979
0.0999147
0.0940658
0.0884218
0.0829725
0.0777076
0.0726172
0.0676914
0.0629205
0.0582946
0.0538043
0.04944
0.0451924
0.0410522
0.0370101
0.0330569
0.0291837
0.0253813
0.0216409
0.0179533
0.0143099
0.0107016
0.00711977
0.00355549
1.97673
1.93021
1.88378
1.83749
1.79141
1.74557
1.70004
1.65487
1.6101
1.56578
1.52196
1.47867
1.43596
1.39386
1.35239
1.3116
1.27149
1.23211
1.19346
1.15557
1.11844
1.0821
1.04654
1.01177
0.977812
0.944651
0.912293
0.880738
0.849981
0.820021
0.790849
0.762462
0.734849
0.708004
0.681916
0.656575
0.63197
0.608089
0.584921
0.562453
0.540671
0.519564
0.499116
0.479316
0.460148
0.441599
0.423654
0.406301
0.389523
0.373309
0.357642
0.34251
0.327897
0.313791
0.300178
0.287043
0.274373
0.262154
0.250374
0.239018
0.228075
0.21753
0.207371
0.197586
0.188162
0.179087
0.170348
0.161934
0.153833
0.146033
0.138523
0.131291
0.124326
0.117617
0.111153
0.104924
0.0989185
0.0931265
0.0875377
0.0821417
0.0769286
0.0718884
0.0670114
0.0622877
0.0577078
0.0532622
0.0489415
0.0447364
0.0406377
0.0366362
0.0327228
0.0288886
0.0251246
0.0214219
0.0177716
0.014165
0.0105933
0.00704767
0.00351948
1.9765
1.92953
1.88265
1.83592
1.7894
1.74315
1.69721
1.65165
1.60651
1.56185
1.5177
1.4741
1.43111
1.38875
1.34705
1.30605
1.26577
1.22622
1.18744
1.14944
1.11222
1.07581
1.0402
1.00541
0.971437
0.938283
0.905949
0.874431
0.843726
0.813829
0.784733
0.756431
0.728913
0.70217
0.676191
0.650965
0.626481
0.602726
0.579687
0.55735
0.535703
0.514732
0.494421
0.474759
0.455729
0.437317
0.41951
0.402293
0.385651
0.369569
0.354034
0.339032
0.324547
0.310566
0.297075
0.28406
0.271508
0.259404
0.247736
0.236489
0.225652
0.215211
0.205153
0.195465
0.186136
0.177153
0.168504
0.160176
0.152159
0.14444
0.137008
0.129852
0.122961
0.116323
0.109928
0.103766
0.0978252
0.0920957
0.0865674
0.0812301
0.0760739
0.0710888
0.0662652
0.0615935
0.0570641
0.0526676
0.0483947
0.0442363
0.0401831
0.0362261
0.0323564
0.0285649
0.024843
0.0211817
0.0175723
0.0140061
0.0104744
0.00696857
0.00347998
1.97625
1.92877
1.88139
1.83417
1.78717
1.74045
1.69406
1.64807
1.60252
1.55747
1.51295
1.46903
1.42572
1.38308
1.34113
1.2999
1.25942
1.2197
1.18077
1.14265
1.10534
1.06886
1.0332
0.998384
0.964405
0.931264
0.898959
0.867487
0.836843
0.80702
0.77801
0.749805
0.722394
0.695766
0.66991
0.644814
0.620465
0.596849
0.573954
0.551764
0.530266
0.509445
0.489286
0.469776
0.450898
0.432639
0.414983
0.397916
0.381422
0.365487
0.350097
0.335236
0.320891
0.307048
0.293691
0.280808
0.268384
0.256406
0.24486
0.233733
0.223012
0.212684
0.202736
0.193155
0.18393
0.175047
0.166495
0.158262
0.150336
0.142706
0.135359
0.128286
0.121475
0.114915
0.108596
0.102506
0.0966355
0.0909742
0.0855118
0.0802384
0.075144
0.070219
0.0654536
0.0608384
0.0563639
0.0520208
0.0478
0.0436923
0.0396886
0.0357801
0.0319578
0.0282129
0.0245367
0.0209204
0.0173555
0.0138333
0.0103451
0.00688256
0.00343702
1.97597
1.92793
1.87999
1.83223
1.78469
1.73745
1.69057
1.64409
1.59809
1.55261
1.5077
1.46341
1.41977
1.37681
1.33459
1.29311
1.25241
1.21252
1.17343
1.13518
1.09778
1.06122
1.02552
0.990677
0.956696
0.923573
0.891306
0.85989
0.829316
0.799579
0.770667
0.742572
0.715281
0.688783
0.663065
0.638113
0.613914
0.590453
0.567716
0.545689
0.524355
0.5037
0.483708
0.464365
0.445655
0.427562
0.410071
0.393168
0.376836
0.361062
0.345829
0.331124
0.316932
0.303237
0.290027
0.277287
0.265003
0.253162
0.241749
0.230752
0.220157
0.209951
0.200122
0.190657
0.181544
0.17277
0.164323
0.156192
0.148366
0.140831
0.133578
0.126594
0.11987
0.113394
0.107156
0.101145
0.0953504
0.0897627
0.0843716
0.0791672
0.0741397
0.0692795
0.064577
0.0600228
0.0556077
0.0513224
0.0471577
0.0431048
0.0391547
0.0352985
0.0315274
0.0278328
0.024206
0.0206384
0.0171214
0.0136467
0.0102056
0.0067897
0.00339065
1.97565
1.927
1.87845
1.83008
1.78195
1.73414
1.6867
1.63971
1.59321
1.54726
1.50192
1.45722
1.41321
1.36992
1.3274
1.28566
1.24473
1.20464
1.16539
1.12701
1.0895
1.05287
1.01712
0.982263
0.948287
0.915191
0.88297
0.851619
0.821129
0.791489
0.76269
0.734719
0.707563
0.68121
0.655645
0.630853
0.60682
0.583531
0.560969
0.539119
0.517966
0.497493
0.477684
0.458523
0.439995
0.422084
0.404774
0.388048
0.371893
0.356293
0.341231
0.326694
0.312667
0.299135
0.286083
0.273498
0.261365
0.249671
0.238402
0.227545
0.217086
0.207012
0.197312
0.187972
0.178979
0.170323
0.16199
0.153969
0.146249
0.138817
0.131664
0.124777
0.118146
0.111761
0.10561
0.0996832
0.0939707
0.0884621
0.0831476
0.0780173
0.0730617
0.0682711
0.0636362
0.0591476
0.0547961
0.0505728
0.0464685
0.0424744
0.0385817
0.0347817
0.0310656
0.0274249
0.0238511
0.0203357
0.0168703
0.0134464
0.0100558
0.00669005
0.00334088
1.97531
1.92597
1.87674
1.8277
1.77893
1.73049
1.68245
1.63488
1.58784
1.54138
1.49556
1.45042
1.40601
1.36237
1.31952
1.2775
1.23633
1.19603
1.15661
1.11809
1.08048
1.04378
1.00799
0.973118
0.939153
0.906093
0.87393
0.842657
0.812262
0.782735
0.754062
0.726231
0.699227
0.673035
0.64764
0.623026
0.599176
0.576075
0.553705
0.53205
0.511094
0.490819
0.471209
0.452248
0.433918
0.416204
0.399089
0.382557
0.366592
0.351179
0.336303
0.321948
0.308099
0.294741
0.28186
0.269441
0.257471
0.245936
0.234821
0.224114
0.213801
0.20387
0.194307
0.185101
0.176238
0.167707
0.159496
0.151593
0.143987
0.136666
0.129619
0.122836
0.116305
0.110016
0.103959
0.0981224
0.0924973
0.0870733
0.0818406
0.0767896
0.0719107
0.0671946
0.0626318
0.0582132
0.0539298
0.0497727
0.0457328
0.0418016
0.0379702
0.0342301
0.0305727
0.0269896
0.0234724
0.0200128
0.0166023
0.0132328
0.00989599
0.00658372
0.00328778
1.97493
1.92484
1.87486
1.82509
1.77561
1.72648
1.67778
1.62958
1.58195
1.53493
1.4886
1.44298
1.39814
1.35411
1.31092
1.2686
1.22717
1.18665
1.14706
1.1084
1.07069
1.03392
0.998092
0.963211
0.929268
0.896255
0.864163
0.832981
0.802698
0.773299
0.74477
0.717096
0.690261
0.664248
0.639041
0.614622
0.590974
0.568079
0.545919
0.524477
0.503735
0.483676
0.464282
0.445536
0.427421
0.409919
0.393015
0.376692
0.360933
0.345722
0.331045
0.316885
0.303227
0.290056
0.277358
0.265118
0.253322
0.241956
0.231007
0.22046
0.210304
0.200524
0.191109
0.182045
0.173321
0.164924
0.156843
0.149066
0.141581
0.134378
0.127445
0.120772
0.114347
0.108161
0.102203
0.0964633
0.0909312
0.0855972
0.0804517
0.075485
0.0706877
0.0660507
0.0615646
0.0572205
0.0530095
0.0489226
0.0449513
0.0410868
0.0373206
0.0336442
0.0300492
0.0265273
0.0230702
0.0196697
0.0163176
0.0130058
0.00972624
0.00647077
0.00323137
1.97452
1.92359
1.8728
1.82223
1.77196
1.72208
1.67266
1.62377
1.57549
1.52787
1.48098
1.43486
1.38955
1.3451
1.30155
1.25891
1.21721
1.17646
1.13669
1.09789
1.06008
1.02324
0.987391
0.952514
0.918604
0.885651
0.853644
0.82257
0.792415
0.763162
0.734795
0.707297
0.68065
0.654836
0.629836
0.605632
0.582205
0.559535
0.537604
0.516394
0.495885
0.47606
0.456899
0.438386
0.420502
0.40323
0.386552
0.370453
0.354914
0.339921
0.325457
0.311505
0.298052
0.285081
0.272579
0.260529
0.248919
0.237735
0.226961
0.216586
0.206596
0.196978
0.187719
0.178807
0.17023
0.161976
0.154032
0.146389
0.139033
0.131955
0.125143
0.118586
0.112275
0.106198
0.100345
0.0947073
0.0892738
0.0840351
0.0789818
0.0741044
0.0693936
0.0648403
0.0604355
0.0561703
0.0520358
0.0480234
0.0441245
0.0403307
0.0366334
0.0330244
0.0294954
0.0260382
0.0226447
0.0193068
0.0160165
0.0127658
0.00954671
0.00635132
0.00317171
1.97406
1.92223
1.87054
1.81908
1.76796
1.71725
1.66704
1.61741
1.56842
1.52015
1.47266
1.42599
1.38019
1.3353
1.29136
1.24838
1.2064
1.16542
1.12546
1.08653
1.04862
1.01173
0.975855
0.940993
0.90713
0.874253
0.842349
0.811401
0.781393
0.752306
0.724121
0.69682
0.670382
0.644787
0.620016
0.596047
0.572861
0.550437
0.528755
0.507796
0.487539
0.467966
0.449058
0.430795
0.41316
0.396134
0.3797
0.36384
0.348538
0.333776
0.319539
0.305811
0.292576
0.279818
0.267524
0.255677
0.244265
0.233272
0.222686
0.212492
0.202679
0.193232
0.184139
0.175388
0.166967
0.158863
0.151066
0.143564
0.136345
0.129399
0.122714
0.116281
0.110089
0.104127
0.0983859
0.0928555
0.0875261
0.0823881
0.0774321
0.0726489
0.0680294
0.0635645
0.0592453
0.0550632
0.0510095
0.0470757
0.0432532
0.0395338
0.0359092
0.0323713
0.0289118
0.0255228
0.0221964
0.0189245
0.0156992
0.0125129
0.00935754
0.00622545
0.00310885
1.97356
1.92073
1.86805
1.81563
1.76357
1.71196
1.66089
1.61045
1.5607
1.51173
1.46358
1.41632
1.36999
1.32464
1.28029
1.23696
1.19469
1.15348
1.11333
1.07426
1.03626
0.999323
0.963445
0.928614
0.894815
0.862033
0.830251
0.799449
0.769609
0.74071
0.71273
0.685648
0.659441
0.634089
0.609568
0.585857
0.562934
0.540777
0.519366
0.498678
0.478694
0.459393
0.440755
0.422762
0.405393
0.388631
0.372457
0.356853
0.341803
0.327288
0.313294
0.299803
0.286799
0.274268
0.262194
0.250563
0.23936
0.228571
0.218183
0.208181
0.198554
0.189288
0.180371
0.17179
0.163533
0.155589
0.147945
0.140592
0.133517
0.12671
0.12016
0.113857
0.107791
0.10195
0.0963265
0.0909094
0.0856895
0.0806574
0.0758038
0.0711197
0.0665961
0.0622242
0.0579951
0.0539004
0.0499316
0.0460802
0.042338
0.0386969
0.0351487
0.0316853
0.028299
0.0249816
0.0217256
0.018523
0.0153661
0.0122473
0.00915889
0.00609328
0.00304285
1.97301
1.91908
1.86532
1.81185
1.75876
1.70617
1.65416
1.60284
1.55227
1.50253
1.45369
1.4058
1.35891
1.31306
1.26828
1.2246
1.18202
1.14057
1.10024
1.06104
1.02296
0.985992
0.950123
0.91534
0.881625
0.848959
0.817321
0.786689
0.757042
0.728355
0.700604
0.673765
0.647815
0.622729
0.598483
0.575053
0.552416
0.530549
0.50943
0.489035
0.469345
0.450336
0.431989
0.414284
0.397201
0.38072
0.364824
0.349493
0.33471
0.320459
0.306721
0.293482
0.280724
0.268432
0.256592
0.245188
0.234206
0.223633
0.213453
0.203655
0.194225
0.185149
0.176416
0.168014
0.159931
0.152154
0.144673
0.137476
0.130553
0.123892
0.117484
0.111317
0.105382
0.0996693
0.0941686
0.0888704
0.0837654
0.0788444
0.0740982
0.0695181
0.065095
0.0608204
0.0566858
0.0526827
0.0488028
0.0450379
0.0413798
0.0378206
0.0343524
0.0309672
0.0276573
0.024415
0.0212327
0.0181026
0.0150173
0.0119693
0.00895094
0.00595492
0.00297375
1.9724
1.91727
1.86233
1.8077
1.75349
1.69983
1.6468
1.59452
1.54306
1.4925
1.44291
1.39435
1.34687
1.3005
1.25528
1.21122
1.16834
1.12665
1.08614
1.04682
1.00867
0.971686
0.935846
0.901133
0.867524
0.834998
0.803531
0.773095
0.743667
0.715219
0.687724
0.661156
0.635488
0.610695
0.586749
0.563626
0.5413
0.519747
0.498943
0.478864
0.459489
0.440794
0.422759
0.405361
0.388582
0.372402
0.3568
0.341759
0.327261
0.313288
0.299823
0.28685
0.274352
0.262313
0.25072
0.239556
0.228807
0.21846
0.208501
0.198916
0.189692
0.180817
0.172279
0.164065
0.156163
0.148562
0.141251
0.134218
0.127453
0.120946
0.114686
0.108662
0.102865
0.0972858
0.0919139
0.0867401
0.0817554
0.0769505
0.0723167
0.0678452
0.0635272
0.0593545
0.0553185
0.0514111
0.0476241
0.0439495
0.0403793
0.0369058
0.033521
0.0302175
0.0269875
0.0238236
0.0207181
0.0176638
0.0146532
0.011679
0.00873388
0.0058105
0.00290162
1.97174
1.91529
1.85905
1.80315
1.74772
1.69288
1.63874
1.58542
1.53299
1.48156
1.43117
1.3819
1.33379
1.28688
1.24119
1.19675
1.15357
1.11164
1.07096
1.03154
0.99334
0.956359
0.92057
0.885952
0.852477
0.82012
0.78885
0.758641
0.729461
0.701281
0.674072
0.647804
0.622448
0.597975
0.574357
0.551567
0.529578
0.508364
0.4879
0.468161
0.449124
0.430764
0.413061
0.395993
0.379538
0.363676
0.348388
0.333655
0.319458
0.305779
0.292602
0.279909
0.267685
0.255914
0.24458
0.233668
0.223165
0.213056
0.203328
0.193967
0.18496
0.176295
0.16796
0.159943
0.152231
0.144814
0.137681
0.13082
0.124221
0.117874
0.111769
0.105894
0.100242
0.0948017
0.0895642
0.0845203
0.079661
0.0749773
0.0704607
0.0661024
0.0618942
0.0578276
0.0538945
0.0500868
0.0463966
0.0428161
0.0393375
0.0359531
0.0326554
0.0294369
0.0262901
0.0232077
0.0201824
0.017207
0.0142742
0.0113769
0.00850788
0.00566014
0.00282653
1.97101
1.91311
1.85544
1.79814
1.74137
1.68525
1.62991
1.57546
1.522
1.46962
1.41838
1.36836
1.31959
1.27211
1.22595
1.18112
1.13763
1.09548
1.05465
1.01513
0.97691
0.939957
0.904248
0.869754
0.836445
0.804287
0.77325
0.743298
0.7144
0.686522
0.65963
0.633693
0.608679
0.584557
0.561296
0.538868
0.517244
0.496395
0.476297
0.456922
0.438247
0.420246
0.402897
0.386178
0.370068
0.354544
0.339588
0.32518
0.311301
0.297933
0.28506
0.272663
0.260727
0.249236
0.238175
0.227529
0.217283
0.207423
0.197937
0.18881
0.180031
0.171586
0.163463
0.155652
0.148139
0.140914
0.133966
0.127285
0.120859
0.114679
0.108735
0.103016
0.0975141
0.0922189
0.0871214
0.0822127
0.077484
0.0729265
0.0685317
0.0642913
0.0601971
0.0562409
0.0524148
0.0487108
0.0451213
0.0416386
0.0382551
0.0349634
0.0317562
0.028626
0.0255656
0.022568
0.019626
0.0167325
0.0138805
0.011063
0.00827316
0.00550397
0.00274854
1.97021
1.91071
1.85147
1.79264
1.7344
1.67689
1.62023
1.56456
1.50998
1.45659
1.40445
1.35362
1.30416
1.2561
1.20946
1.16424
1.12045
1.07809
1.03712
0.997543
0.959321
0.922429
0.886832
0.852497
0.819388
0.787467
0.756698
0.727041
0.69846
0.670919
0.64438
0.618809
0.59417
0.570431
0.547559
0.525522
0.504291
0.483837
0.464131
0.445146
0.426857
0.409238
0.392267
0.375919
0.360173
0.345008
0.330402
0.316337
0.302794
0.289754
0.2772
0.265114
0.253481
0.242284
0.231509
0.22114
0.211164
0.201565
0.192332
0.18345
0.174908
0.166692
0.158792
0.151194
0.143889
0.136864
0.13011
0.123615
0.117369
0.111363
0.105587
0.10003
0.094684
0.0895395
0.0845876
0.0798193
0.0752262
0.0707997
0.0665315
0.0624135
0.0584376
0.0545959
0.0508808
0.0472844
0.0437993
0.0404181
0.0371333
0.0339377
0.0308242
0.0277855
0.0248148
0.0219051
0.0190493
0.0162407
0.0134725
0.0107378
0.00802993
0.00534214
0.00266772
1.96932
1.90806
1.84709
1.78658
1.72673
1.66769
1.60961
1.55262
1.49683
1.44235
1.38925
1.33759
1.28742
1.23875
1.19162
1.14602
1.10195
1.05939
1.01831
0.9787
0.940513
0.903717
0.868271
0.834136
0.801267
0.769624
0.739163
0.709842
0.681619
0.654453
0.628305
0.603136
0.578908
0.555587
0.533136
0.511523
0.490716
0.470684
0.451399
0.432831
0.414953
0.397742
0.38117
0.365216
0.349856
0.335069
0.320834
0.307131
0.29394
0.281244
0.269025
0.257266
0.24595
0.235061
0.224585
0.214507
0.204811
0.195486
0.186516
0.17789
0.169595
0.161618
0.153948
0.146574
0.139484
0.132668
0.126114
0.119813
0.113755
0.107929
0.102326
0.0969379
0.091754
0.0867658
0.0819647
0.0773421
0.0728895
0.0685987
0.0644617
0.0604704
0.0566171
0.0528941
0.0492938
0.0458089
0.0424319
0.0391556
0.0359729
0.0328768
0.0298602
0.0269164
0.0240384
0.0212195
0.018453
0.0157322
0.0130506
0.0104015
0.0077784
0.00517479
0.00258415
1.96834
1.90513
1.84225
1.7799
1.71827
1.65756
1.59793
1.53951
1.48243
1.42679
1.37268
1.32014
1.26922
1.21995
1.17233
1.12636
1.08202
1.03929
0.998141
0.958531
0.92042
0.883763
0.848514
0.814623
0.782042
0.750722
0.720616
0.691674
0.663853
0.637105
0.611389
0.586661
0.562883
0.540015
0.518021
0.496865
0.476514
0.456936
0.438099
0.419976
0.402537
0.385757
0.36961
0.354072
0.33912
0.324732
0.310886
0.297563
0.284743
0.272408
0.260541
0.249123
0.238138
0.227572
0.217408
0.207632
0.19823
0.189188
0.180494
0.172133
0.164095
0.156367
0.148937
0.141795
0.134928
0.128328
0.121983
0.115883
0.110018
0.104379
0.0989573
0.0937426
0.0887265
0.0839002
0.0792552
0.0747832
0.070476
0.0663256
0.0623242
0.0584639
0.0547373
0.0511369
0.0476554
0.0442855
0.0410201
0.0378523
0.0347751
0.0317817
0.0288653
0.0260192
0.023237
0.0205119
0.0178375
0.0152074
0.0126152
0.0100544
0.00751882
0.00500209
0.00249791
1.96725
1.90189
1.83689
1.7725
1.70893
1.64639
1.58506
1.5251
1.46663
1.40976
1.35458
1.30113
1.24945
1.19956
1.15146
1.10514
1.06057
1.01771
0.976522
0.936961
0.898975
0.862509
0.827507
0.793913
0.761672
0.730727
0.701025
0.672513
0.64514
0.618857
0.593616
0.569373
0.546085
0.52371
0.502209
0.481545
0.461684
0.44259
0.424233
0.406583
0.38961
0.373287
0.357589
0.34249
0.327968
0.313999
0.300563
0.287639
0.275208
0.263251
0.25175
0.240689
0.230051
0.21982
0.209982
0.200521
0.191424
0.182678
0.174269
0.166185
0.158413
0.150943
0.143762
0.136859
0.130225
0.123848
0.117718
0.111827
0.106163
0.100717
0.0954818
0.090447
0.0856042
0.0809451
0.0764614
0.072145
0.0679879
0.0639824
0.0601208
0.0563958
0.0527999
0.049326
0.0459669
0.0427157
0.0395654
0.0365094
0.0335409
0.0306534
0.0278402
0.025095
0.0224113
0.0197829
0.0172035
0.0146668
0.0121666
0.00969687
0.00725143
0.00482418
0.00240906
1.96605
1.89828
1.83094
1.76429
1.69858
1.63404
1.57087
1.50923
1.44928
1.3911
1.3348
1.2804
1.22795
1.17746
1.1289
1.08225
1.03748
0.994537
0.953368
0.913912
0.876108
0.839892
0.805197
0.77196
0.740117
0.709604
0.680363
0.652334
0.625461
0.599692
0.574974
0.551261
0.528505
0.506664
0.485695
0.46556
0.446223
0.427647
0.409801
0.392653
0.376174
0.360335
0.34511
0.330475
0.316404
0.302876
0.28987
0.277364
0.265339
0.253777
0.24266
0.231971
0.221694
0.211812
0.202312
0.193179
0.184399
0.175959
0.167847
0.160048
0.152553
0.14535
0.138426
0.131773
0.125378
0.119232
0.113325
0.107648
0.102192
0.0969462
0.0919031
0.0870538
0.0823899
0.0779033
0.0735858
0.0694297
0.0654273
0.0615711
0.0578537
0.0542679
0.0508067
0.047463
0.04423
0.0411009
0.0380692
0.0351282
0.0322716
0.0294929
0.026786
0.0241445
0.0215623
0.0190333
0.0165515
0.0141108
0.0117054
0.00932922
0.00697647
0.00464125
0.00231771
1.9647
1.89427
1.82432
1.75516
1.68709
1.62035
1.55517
1.49173
1.43018
1.37063
1.31315
1.25779
1.20457
1.15348
1.10449
1.05756
1.01265
0.969676
0.928586
0.889302
0.851749
0.81585
0.781531
0.748718
0.717338
0.687322
0.658602
0.631114
0.604798
0.579596
0.555452
0.532316
0.510139
0.488873
0.468478
0.44891
0.430133
0.41211
0.394807
0.378191
0.362234
0.346906
0.33218
0.318031
0.304435
0.29137
0.278813
0.266744
0.255144
0.243994
0.233276
0.222974
0.213072
0.203554
0.194405
0.185612
0.17716
0.169038
0.161232
0.15373
0.146521
0.139593
0.132936
0.126538
0.120391
0.114484
0.108807
0.103352
0.0981089
0.0930692
0.0882244
0.0835662
0.0790865
0.0747774
0.070631
0.0666399
0.0627967
0.059094
0.0555249
0.0520823
0.0487595
0.0455496
0.0424462
0.0394427
0.0365327
0.03371
0.0309683
0.0283015
0.0257036
0.0231686
0.0206906
0.0182637
0.0158821
0.0135401
0.0112319
0.00895181
0.00669422
0.00445347
0.00222393
1.96319
1.88977
1.81691
1.74497
1.67428
1.60513
1.53776
1.47237
1.40912
1.34812
1.28944
1.2331
1.17911
1.12746
1.07808
1.03093
0.985939
0.943017
0.902082
0.863048
0.825824
0.790323
0.756458
0.724143
0.6933
0.663849
0.635717
0.608834
0.583135
0.558557
0.535041
0.512533
0.490982
0.470338
0.450557
0.431597
0.413417
0.395981
0.379253
0.363202
0.347795
0.333005
0.318804
0.305166
0.292068
0.279486
0.267399
0.255786
0.244628
0.233907
0.223604
0.213705
0.204192
0.19505
0.186266
0.177825
0.169714
0.161919
0.15443
0.147234
0.14032
0.133677
0.127294
0.121162
0.11527
0.109608
0.104168
0.0989412
0.0939179
0.0890899
0.0844491
0.0799874
0.075697
0.0715703
0.0675998
0.0637782
0.0600985
0.0565535
0.0531366
0.0498411
0.0466603
0.0435878
0.0406173
0.0377426
0.0349575
0.032256
0.0296322
0.0270802
0.0245941
0.0221683
0.0197971
0.0174749
0.0151961
0.0129551
0.0107466
0.008565
0.00640494
0.00426101
0.00212782
1.9615
1.88471
1.80859
1.73355
1.65996
1.58815
1.5184
1.45092
1.38586
1.32334
1.26342
1.20611
1.15139
1.09921
1.04952
1.00222
0.957232
0.914445
0.873758
0.835066
0.798265
0.76325
0.729925
0.698194
0.667967
0.639158
0.611687
0.585478
0.56046
0.536567
0.513736
0.491909
0.471033
0.451058
0.431936
0.413623
0.39608
0.379266
0.363148
0.347692
0.332866
0.318641
0.304991
0.291888
0.27931
0.267233
0.255635
0.244497
0.2338
0.223524
0.213653
0.204171
0.195062
0.18631
0.177902
0.169825
0.162065
0.15461
0.147448
0.140567
0.133958
0.127608
0.121508
0.115647
0.110018
0.104609
0.0994128
0.0944201
0.0896226
0.0850121
0.0805808
0.0763208
0.0722247
0.0682852
0.0644951
0.0608474
0.0573353
0.053952
0.0506912
0.0475463
0.044511
0.0415793
0.038745
0.0360023
0.0333451
0.0307678
0.0282647
0.0258301
0.0234586
0.0211446
0.0188828
0.0166676
0.014494
0.0123565
0.01025
0.00816917
0.00610892
0.00406407
0.00202947
1.95958
1.879
1.79921
1.72069
1.64387
1.56914
1.49679
1.42706
1.3601
1.29602
1.23484
1.17657
1.12116
1.06854
1.01862
0.971271
0.926389
0.883846
0.843516
0.805274
0.768999
0.734574
0.701888
0.670833
0.641311
0.613227
0.586495
0.561033
0.536764
0.51362
0.491533
0.470444
0.450296
0.431037
0.412619
0.394997
0.378128
0.361974
0.346499
0.33167
0.317454
0.303823
0.290749
0.278206
0.266171
0.25462
0.243532
0.232888
0.222668
0.212855
0.203431
0.194381
0.185688
0.17734
0.169321
0.16162
0.154222
0.147116
0.140291
0.133735
0.127438
0.12139
0.115581
0.11
0.10464
0.0994913
0.0945449
0.0897929
0.085227
0.0808396
0.076623
0.0725699
0.0686729
0.0649252
0.0613199
0.0578502
0.0545097
0.051292
0.0481909
0.0452002
0.0423139
0.0395262
0.0368313
0.0342234
0.0316971
0.0292468
0.0268671
0.0245527
0.0222982
0.0200985
0.0179484
0.0158428
0.0137766
0.0117448
0.00974254
0.00776471
0.00580645
0.00386283
0.00192898
1.9574
1.87251
1.78856
1.70613
1.62572
1.54777
1.4726
1.40046
1.33151
1.26581
1.2034
1.14422
1.08821
1.03524
0.985191
0.937919
0.893274
0.851103
0.811257
0.77359
0.737963
0.704242
0.672302
0.642026
0.613305
0.586036
0.560127
0.53549
0.512044
0.489715
0.468436
0.448142
0.428776
0.410284
0.392615
0.375726
0.359572
0.344115
0.329318
0.315147
0.301571
0.288561
0.27609
0.264131
0.252661
0.241657
0.231099
0.220967
0.211243
0.201908
0.192946
0.184342
0.176081
0.168148
0.160531
0.153216
0.146191
0.139445
0.132966
0.126745
0.120769
0.115031
0.10952
0.104226
0.0991427
0.0942599
0.0895697
0.0850641
0.0807356
0.0765766
0.0725799
0.0687383
0.0650452
0.0614936
0.0580773
0.0547897
0.0516247
0.0485762
0.0456383
0.0428051
0.0400711
0.0374305
0.0348779
0.0324078
0.0300151
0.0276945
0.0254408
0.023249
0.021114
0.0190309
0.0169949
0.015001
0.0130446
0.0111207
0.00922477
0.00735203
0.00549783
0.00365751
0.00182645
1.9549
1.86509
1.77641
1.68956
1.60514
1.52364
1.44541
1.37071
1.29968
1.23237
1.16876
1.10876
1.05225
0.999067
0.949045
0.901999
0.857745
0.8161
0.776888
0.739939
0.705094
0.672205
0.641132
0.611747
0.583931
0.557574
0.532577
0.508847
0.4863
0.464858
0.44445
0.425011
0.406482
0.388807
0.371936
0.355823
0.340424
0.325701
0.311616
0.298136
0.28523
0.272869
0.261025
0.249674
0.238792
0.228357
0.218348
0.208747
0.199534
0.190694
0.18221
0.174066
0.166249
0.158744
0.15154
0.144622
0.137981
0.131604
0.125481
0.119602
0.113957
0.108536
0.10333
0.098331
0.0935304
0.08892
0.0844919
0.0802386
0.0761528
0.0722273
0.0684553
0.06483
0.061345
0.0579939
0.0547705
0.0516689
0.048683
0.0458072
0.0430359
0.0403636
0.0377848
0.0352942
0.0328868
0.0305573
0.0283009
0.0261125
0.0239872
0.0219204
0.0199072
0.0179431
0.0160233
0.0141433
0.0122987
0.0104848
0.0086972
0.00693154
0.00518338
0.00344831
0.00172197
1.95202
1.85653
1.76244
1.67058
1.58167
1.49624
1.41471
1.33731
1.26416
1.19527
1.13055
1.06985
1.013
0.959786
0.909975
0.863343
0.819666
0.778727
0.740319
0.70425
0.670341
0.638425
0.60835
0.579976
0.553177
0.527834
0.503844
0.481107
0.459538
0.439055
0.419586
0.401064
0.383428
0.366622
0.350596
0.335303
0.3207
0.306747
0.293409
0.280653
0.268446
0.256761
0.245571
0.234851
0.224578
0.214732
0.205291
0.196238
0.187554
0.179224
0.171231
0.163562
0.156201
0.149137
0.142356
0.135848
0.1296
0.123601
0.117843
0.112315
0.107007
0.101911
0.0970183
0.0923203
0.0878091
0.0834771
0.0793168
0.0753212
0.0714832
0.0677961
0.0642534
0.0608489
0.0575762
0.0544296
0.051403
0.0484909
0.0456877
0.042988
0.0403864
0.0378779
0.0354573
0.0331197
0.0308601
0.0286738
0.0265561
0.0245023
0.0225079
0.0205683
0.0186792
0.016836
0.0150346
0.0132705
0.0115396
0.00983763
0.00816037
0.00650367
0.0048634
0.00323544
0.00161567
1.94866
1.84658
1.74625
1.64868
1.55471
1.46498
1.3799
1.29969
1.22443
1.15403
1.08834
1.02714
0.97017
0.917142
0.867774
0.821785
0.778904
0.738879
0.701472
0.666465
0.633659
0.602871
0.573937
0.546705
0.52104
0.496821
0.473935
0.452282
0.431773
0.412324
0.393861
0.376318
0.359631
0.343747
0.328613
0.314184
0.300417
0.287273
0.274716
0.262713
0.251235
0.240252
0.229741
0.219675
0.210034
0.200796
0.191942
0.183454
0.175315
0.16751
0.160023
0.152841
0.145949
0.139337
0.132991
0.126901
0.121056
0.115446
0.11006
0.104891
0.0999285
0.0951647
0.0905913
0.0862005
0.0819848
0.0779369
0.0740499
0.070317
0.0667317
0.0632877
0.0599788
0.0567991
0.0537428
0.0508043
0.0479782
0.0452591
0.0426418
0.0401213
0.0376925
0.0353507
0.0330911
0.030909
0.0287998
0.0267592
0.0247825
0.0228657
0.0210042
0.0191941
0.017431
0.0157109
0.0140297
0.0123835
0.0107682
0.00917998
0.00761481
0.00606885
0.00453823
0.00301911
0.00150764
1.94471
1.8349
1.7273
1.62317
1.52353
1.42908
1.34023
1.25716
1.17984
1.10811
1.04168
0.980243
0.923431
0.870882
0.822241
0.777165
0.735338
0.696466
0.660281
0.626538
0.59502
0.565529
0.537886
0.511934
0.487529
0.464545
0.442866
0.422389
0.403023
0.384684
0.367298
0.350795
0.335116
0.320205
0.306011
0.29249
0.279598
0.267298
0.255555
0.244338
0.233616
0.223363
0.213553
0.204164
0.195175
0.186565
0.178315
0.170409
0.162831
0.155565
0.148598
0.141915
0.135504
0.129355
0.123454
0.117792
0.112359
0.107145
0.102141
0.097338
0.0927281
0.0883032
0.0840556
0.0799781
0.0760636
0.0723053
0.0686966
0.0652313
0.0619033
0.0587067
0.0556357
0.0526848
0.0498487
0.047122
0.0444997
0.0419769
0.0395486
0.0372102
0.0349571
0.0327847
0.0306886
0.0286645
0.0267082
0.0248154
0.0229821
0.0212042
0.0194779
0.0177991
0.016164
0.0145688
0.0130098
0.0114832
0.00998531
0.00851248
0.00706109
0.00562753
0.00420821
0.00279956
0.001398
1.94
1.821
1.70487
1.5932
1.48719
1.38759
1.29481
1.2089
1.12971
1.0569
0.990071
0.928749
0.872465
0.820756
0.773183
0.729343
0.688865
0.651417
0.616698
0.584442
0.554412
0.526395
0.500206
0.475678
0.452663
0.43103
0.410663
0.391456
0.373318
0.356166
0.339923
0.324525
0.309909
0.296023
0.282816
0.270244
0.258267
0.246847
0.235951
0.225548
0.21561
0.206111
0.197028
0.188337
0.180019
0.172055
0.164427
0.157119
0.150116
0.143403
0.136967
0.130796
0.124878
0.119201
0.113756
0.108531
0.103519
0.0987093
0.0940939
0.0896647
0.085414
0.0813344
0.0774186
0.07366
0.070052
0.0665883
0.0632629
0.0600697
0.0570033
0.0540582
0.051229
0.0485106
0.0458981
0.0433865
0.0409713
0.0386477
0.0364113
0.0342578
0.0321829
0.0301825
0.0282523
0.0263886
0.0245873
0.0228445
0.0211566
0.0195198
0.0179304
0.0163848
0.0148796
0.0134111
0.0119759
0.0105705
0.00919163
0.00783584
0.0064998
0.00518018
0.00387368
0.002577
0.00128686
1.93431
1.80425
1.678
1.55759
1.44443
1.33931
1.24252
1.15395
1.0732
0.999751
0.932977
0.87225
0.816959
0.766528
0.720432
0.678199
0.639407
0.603684
0.570701
0.540171
0.511841
0.48549
0.460922
0.437967
0.416474
0.396311
0.377361
0.359519
0.342694
0.326804
0.311774
0.297541
0.284044
0.271233
0.259058
0.247477
0.236452
0.225946
0.215928
0.206369
0.197241
0.188521
0.180185
0.172213
0.164585
0.157285
0.150295
0.1436
0.137185
0.131039
0.125147
0.119499
0.114083
0.108889
0.103908
0.0991296
0.0945457
0.090148
0.0859284
0.0818796
0.0779944
0.0742659
0.0706877
0.0672533
0.0639568
0.0607924
0.0577546
0.0548378
0.052037
0.0493472
0.0467633
0.0442809
0.0418952
0.0396019
0.0373966
0.0352751
0.0332333
0.0312672
0.029373
0.0275468
0.0257849
0.0240836
0.0224394
0.0208487
0.019308
0.0178141
0.0163634
0.0149528
0.013579
0.0122388
0.010929
0.00964642
0.00838805
0.00715076
0.00593151
0.00472725
0.00353498
0.00235167
0.00117434
1.92728
1.78368
1.6453
1.51473
1.39363
1.28272
1.18205
1.09119
1.00943
0.935945
0.869862
0.810345
0.756623
0.707999
0.663855
0.623652
0.58692
0.553252
0.522295
0.493746
0.46734
0.442849
0.420076
0.398846
0.37901
0.360436
0.343008
0.326625
0.311195
0.296641
0.282891
0.269883
0.257559
0.245871
0.234772
0.224222
0.214184
0.204625
0.195515
0.186826
0.178534
0.170615
0.163048
0.155813
0.148894
0.142273
0.135936
0.129868
0.124056
0.118487
0.113151
0.108036
0.103132
0.0984306
0.0939219
0.0895977
0.08545
0.0814711
0.0776541
0.0739918
0.0704779
0.0671061
0.0638704
0.0607651
0.0577848
0.054924
0.0521779
0.0495414
0.0470099
0.0445788
0.0422437
0.0400003
0.0378445
0.0357722
0.0337795
0.0318627
0.030018
0.0282417
0.0265304
0.0248806
0.023289
0.0217521
0.0202668
0.0188299
0.0174383
0.0160889
0.0147786
0.0135045
0.0122637
0.0110532
0.00987024
0.0087119
0.00757541
0.00645797
0.00535682
0.00426923
0.00319247
0.00212381
0.00106056
1.91841
1.75789
1.60478
1.46243
1.33264
1.21589
1.11177
1.01934
0.93741
0.864758
0.800203
0.742672
0.691218
0.645018
0.603369
0.565668
0.531405
0.500146
0.471522
0.445218
0.420967
0.398537
0.377731
0.358379
0.340333
0.323465
0.307663
0.292828
0.278876
0.26573
0.253323
0.241596
0.230497
0.219978
0.209996
0.200514
0.191498
0.182917
0.174743
0.16695
0.159516
0.152419
0.14564
0.139161
0.132967
0.127041
0.121371
0.115942
0.110744
0.105765
0.100994
0.096422
0.0920397
0.0878385
0.0838103
0.0799475
0.0762427
0.0726893
0.0692806
0.0660106
0.0628733
0.0598632
0.0569748
0.054203
0.051543
0.0489899
0.0465392
0.0441865
0.0419277
0.0397585
0.0376751
0.0356736
0.0337504
0.0319017
0.0301242
0.0284143
0.0267689
0.0251845
0.0236582
0.0221867
0.0207672
0.0193965
0.0180719
0.0167905
0.0155495
0.0143461
0.0131777
0.0120415
0.0109351
0.00985568
0.00880081
0.00776795
0.00675456
0.00575819
0.00477635
0.00380661
0.00284652
0.00189366
0.000945628
1.90687
1.7247
1.55351
1.39758
1.25863
1.13646
1.02983
0.936995
0.856129
0.785493
0.723541
0.668946
0.620583
0.577515
0.538962
0.504276
0.472918
0.444439
0.418463
0.394676
0.37281
0.35264
0.333975
0.316649
0.300523
0.285473
0.271395
0.258197
0.245798
0.234128
0.223125
0.212734
0.202907
0.193599
0.184773
0.176394
0.168431
0.160856
0.153643
0.14677
0.140215
0.13396
0.127988
0.122281
0.116826
0.11161
0.106619
0.101842
0.0972685
0.0928886
0.0886929
0.0846726
0.0808197
0.0771265
0.0735859
0.070191
0.0669354
0.0638131
0.0608183
0.0579456
0.0551897
0.0525457
0.0500089
0.0475747
0.0452387
0.0429968
0.040845
0.0387793
0.0367961
0.0348917
0.0330627
0.0313057
0.0296175
0.0279948
0.0264345
0.0249337
0.0234895
0.022099
0.0207595
0.0194681
0.0182223
0.0170195
0.015857
0.0147326
0.0136435
0.0125876
0.0115623
0.0105654
0.00959449
0.00864739
0.00772182
0.00681556
0.0059264
0.00505217
0.00419071
0.00333986
0.00249749
0.00166147
0.000829678
1.89126
1.68053
1.48698
1.31578
1.16782
1.04149
0.934089
0.842701
0.764634
0.69756
0.639543
0.589006
0.544675
0.505521
0.470714
0.439583
0.41158
0.386258
0.363248
0.342244
0.32299
0.305274
0.288914
0.273758
0.259673
0.246549
0.234289
0.222808
0.212034
0.201903
0.192359
0.183353
0.174841
0.166785
0.15915
0.151906
0.145024
0.138481
0.132252
0.12632
0.120664
0.115269
0.110118
0.105198
0.100497
0.0960013
0.0917013
0.0875867
0.0836479
0.0798764
0.076264
0.0728032
0.0694869
0.0663085
0.0632617
0.0603406
0.0575397
0.0548537
0.0522776
0.0498067
0.0474365
0.0451627
0.0429811
0.040888
0.0388794
0.0369518
0.0351018
0.0333259
0.031621
0.029984
0.0284118
0.0269015
0.0254504
0.0240557
0.0227147
0.0214248
0.0201836
0.0189886
0.0178374
0.0167277
0.0156571
0.0146235
0.0136246
0.0126583
0.0117226
0.0108152
0.00993424
0.00907765
0.00824344
0.00742968
0.00663442
0.00585576
0.0050918
0.00434068
0.00360053
0.0028695
0.00214576
0.00142748
0.000712831
1.8689
1.61918
1.39809
1.21073
1.05541
0.927612
0.822345
0.7351
0.66216
0.600583
0.54808
0.502879
0.463609
0.429199
0.398812
0.371784
0.347586
0.325791
0.306053
0.288088
0.271663
0.256581
0.242681
0.229826
0.217897
0.206796
0.196438
0.186748
0.177663
0.169128
0.161093
0.153516
0.146359
0.13959
0.133177
0.127095
0.12132
0.115831
0.110608
0.105634
0.100894
0.0963737
0.0920593
0.0879392
0.0840026
0.0802395
0.0766405
0.0731972
0.0699016
0.0667463
0.0637246
0.0608301
0.0580567
0.0553988
0.0528513
0.0504091
0.0480676
0.0458224
0.0436691
0.041604
0.0396231
0.0377229
0.0358999
0.0341509
0.0324726
0.0308621
0.0293164
0.0278328
0.0264085
0.0250409
0.0237276
0.0224661
0.0212539
0.0200889
0.0189689
0.0178915
0.0168549
0.0158568
0.0148953
0.0139685
0.0130744
0.0122112
0.0113771
0.0105701
0.00978867
0.00903096
0.00829529
0.00757998
0.00688338
0.00620386
0.00553979
0.00488959
0.00425167
0.00362447
0.00300644
0.00239603
0.0017917
0.00119194
0.000595211
1.83408
1.52922
1.27547
1.07365
0.915466
0.791212
0.692588
0.613201
0.548334
0.494546
0.449329
0.410837
0.377697
0.348871
0.323569
0.301175
0.281209
0.263288
0.247107
0.232417
0.219015
0.206732
0.195431
0.184993
0.17532
0.166329
0.157947
0.150113
0.142774
0.135883
0.129401
0.123291
0.117523
0.11207
0.106906
0.102011
0.0973638
0.0929483
0.0887484
0.08475
0.0809403
0.0773076
0.0738413
0.0705319
0.0673703
0.0643485
0.061459
0.0586948
0.0560495
0.0535172
0.0510923
0.0487697
0.0465445
0.0444122
0.0423686
0.0404097
0.0385316
0.0367308
0.0350039
0.0333478
0.0317594
0.0302357
0.028774
0.0273717
0.0260261
0.0247349
0.0234958
0.0223064
0.0211646
0.0200684
0.0190156
0.0180044
0.0170328
0.0160991
0.0152013
0.0143378
0.013507
0.0127071
0.0119365
0.0111937
0.0104772
0.00978538
0.00911687
0.00847021
0.00784396
0.00723675
0.00664722
0.006074
0.00551578
0.00497125
0.00443911
0.00391809
0.00340691
0.00290433
0.00240909
0.00191996
0.0014357
0.000955108
0.000476946
1.77226
1.38814
1.10092
0.892954
0.741595
0.629187
0.5436
0.476792
0.423436
0.379947
0.343863
0.313455
0.287483
0.265035
0.245431
0.228153
0.212802
0.199063
0.186688
0.175477
0.165266
0.155923
0.147337
0.139417
0.132084
0.125274
0.118931
0.113006
0.10746
0.102255
0.0973604
0.0927498
0.0883989
0.0842865
0.080394
0.0767047
0.0732038
0.0698779
0.0667152
0.0637048
0.0608371
0.058103
0.0554947
0.0530047
0.0506263
0.0483533
0.0461801
0.0441013
0.0421122
0.0402082
0.0383852
0.0366391
0.0349664
0.0333637
0.0318277
0.0303554
0.028944
0.0275907
0.0262931
0.0250487
0.0238551
0.0227103
0.0216121
0.0205585
0.0195476
0.0185776
0.0176468
0.0167533
0.0158956
0.0150721
0.0142813
0.0135218
0.012792
0.0120906
0.0114163
0.0107678
0.0101437
0.00954292
0.00896419
0.00840632
0.00786817
0.00734862
0.00684655
0.00636089
0.00589058
0.00543457
0.00499183
0.00456135
0.00414214
0.00373321
0.00333359
0.00294232
0.00255844
0.00218102
0.00180911
0.0014418
0.00107815
0.000717241
0.000358164
1.6391
1.15015
0.847124
0.655648
0.528778
0.440346
0.375837
0.326938
0.288678
0.257949
0.232728
0.211647
0.193754
0.178364
0.164978
0.153217
0.142795
0.133487
0.125119
0.117549
0.110664
0.104371
0.0985938
0.0932687
0.0883425
0.0837703
0.0795139
0.0755405
0.071822
0.0683341
0.0650557
0.0619683
0.0590555
0.0563032
0.0536987
0.0512307
0.0488891
0.0466651
0.0445504
0.042538
0.0406211
0.0387939
0.0370508
0.035387
0.033798
0.0322795
0.0308278
0.0294392
0.0281107
0.0268391
0.0256216
0.0244556
0.0233387
0.0222685
0.0212429
0.0202599
0.0193176
0.0184142
0.0175479
0.0167172
0.0159204
0.0151562
0.0144232
0.0137199
0.0130452
0.0123977
0.0117764
0.0111801
0.0106076
0.010058
0.00953023
0.0090233
0.00853625
0.00806818
0.00761817
0.00718536
0.0067689
0.00636797
0.00598176
0.00560947
0.00525035
0.00490364
0.00456861
0.00424453
0.00393068
0.00362639
0.00333095
0.00304369
0.00276396
0.00249108
0.00222442
0.00196333
0.00170718
0.00145533
0.00120717
0.00096207
0.000719416
0.000478594
0.000238992
1.27307
0.726249
0.481778
0.353737
0.277524
0.227584
0.192467
0.166449
0.146394
0.13045
0.117458
0.106657
0.0975264
0.0896982
0.0829055
0.0769497
0.0716803
0.0669809
0.0627604
0.0589461
0.0554797
0.0523136
0.0494087
0.0467325
0.0442579
0.041962
0.0398254
0.0378315
0.035966
0.0342167
0.0325727
0.0310248
0.0295648
0.0281854
0.0268803
0.0256437
0.0244706
0.0233565
0.0222974
0.0212895
0.0203295
0.0194145
0.0185418
0.0177087
0.0169132
0.016153
0.0154262
0.0147311
0.0140661
0.0134296
0.0128203
0.0122367
0.0116777
0.0111421
0.0106288
0.0101369
0.00966531
0.0092132
0.0087797
0.00836399
0.00796531
0.00758291
0.0072161
0.00686421
0.0065266
0.00620264
0.00589176
0.00559339
0.00530697
0.00503199
0.00476792
0.00451429
0.00427061
0.00403642
0.00381128
0.00359474
0.00338638
0.00318579
0.00299257
0.00280632
0.00262665
0.00245319
0.00228558
0.00212344
0.00196643
0.00181419
0.00166639
0.00152268
0.00138274
0.00124622
0.00111282
0.000982202
0.000854055
0.000728063
0.000603914
0.000481297
0.000359904
0.000239427
0.000119561
